3.178191e-02
9.534574e-02
1.589096e-01
2.224734e-01
2.860372e-01
3.496010e-01
4.131649e-01
4.767287e-01
5.402925e-01
6.038563e-01
6.674202e-01
7.309840e-01
7.945478e-01
8.581117e-01
9.216755e-01
9.852393e-01
1.048803e+00
1.112367e+00
1.175931e+00
1.239495e+00
1.303058e+00
1.366622e+00
1.430186e+00
1.493750e+00
1.557314e+00
1.620878e+00
1.684441e+00
1.748005e+00
1.811569e+00
1.875133e+00
1.938697e+00
2.002261e+00
2.065824e+00
2.129388e+00
2.192952e+00
2.256516e+00
2.320080e+00
2.383643e+00
2.447207e+00
2.510771e+00
2.574335e+00
2.637899e+00
2.701463e+00
2.765026e+00
2.828590e+00
2.892154e+00
2.955718e+00
3.019282e+00
3.082846e+00
3.146409e+00
3.209973e+00
3.273537e+00
3.337101e+00
3.400665e+00
3.464229e+00
3.527792e+00
3.591356e+00
3.654920e+00
3.718484e+00
3.782048e+00
3.845611e+00
3.909175e+00
3.972739e+00
4.036303e+00
4.099867e+00
4.163431e+00
4.226994e+00
4.290558e+00
4.354122e+00
4.417686e+00
4.481250e+00
4.544814e+00
4.608377e+00
4.671941e+00
4.735505e+00
4.799069e+00
4.862633e+00
4.926197e+00
4.989760e+00
5.053324e+00
5.116888e+00
5.180452e+00
5.244016e+00
5.307579e+00
5.371143e+00
5.434707e+00
5.498271e+00
5.561835e+00
5.625399e+00
5.688962e+00
