2.985528e+00
8.956584e+00
1.492764e+01
2.089870e+01
2.686975e+01
3.284081e+01
3.881186e+01
4.478292e+01
5.075397e+01
5.672503e+01
6.269609e+01
6.866714e+01
7.463820e+01
8.060925e+01
8.658031e+01
9.255137e+01
9.852242e+01
1.044935e+02
1.104645e+02
1.164356e+02
1.224066e+02
1.283777e+02
1.343488e+02
1.403198e+02
1.462909e+02
1.522619e+02
1.582330e+02
1.642040e+02
1.701751e+02
1.761461e+02
1.821172e+02
1.880883e+02
1.940593e+02
2.000304e+02
2.060014e+02
2.119725e+02
2.179435e+02
2.239146e+02
2.298856e+02
2.358567e+02
2.418278e+02
2.477988e+02
2.537699e+02
2.597409e+02
2.657120e+02
2.716830e+02
2.776541e+02
2.836252e+02
2.895962e+02
2.955673e+02
3.015383e+02
3.075094e+02
3.134804e+02
3.194515e+02
3.254225e+02
3.313936e+02
3.373647e+02
3.433357e+02
3.493068e+02
3.552778e+02
3.612489e+02
3.672199e+02
3.731910e+02
3.791620e+02
3.851331e+02
3.911042e+02
3.970752e+02
4.030463e+02
4.090173e+02
4.149884e+02
4.209594e+02
4.269305e+02
4.329015e+02
4.388726e+02
4.448437e+02
4.508147e+02
4.567858e+02
4.627568e+02
4.687279e+02
4.746989e+02
4.806700e+02
4.866411e+02
4.926121e+02
4.985832e+02
5.045542e+02
5.105253e+02
5.164963e+02
5.224674e+02
5.284384e+02
5.344095e+02
