18,0,0,2,0,0,0,0,0,0,0,0,0,0,0,0,0,0,0,0,0,0,2,2,2,2,2,0,0,2,0,0,2,2,0,2,0,2,0,2,0,0,0,3,0,2,0,0,2,0,2,0,0,0,0,0,0,2,2,6,4,0,2,4,0,4,0,0,2,8,8,16,2,6,8,6,8,2,16,8,6,2,0,4,0,0,0,2,0,0
0,0,0,0,0,0,0,0,0,0,0,2,2,0,0,0,2,2,2,2,0,2,7,0,0,0,6,5,0,0,2,1,2,3,1,0,2,4,0,4,2,2,0,2,5,0,2,4,4,3,3,0,0,2,6,4,0,4,2,0,0,0,0,1,0,4,4,2,6,10,20,10,8,16,13,10,25,12,12,14,16,8,21,6,7,4,4,2,2,2
0,0,1,2,0,0,2,5,3,0,0,6,0,2,0,2,2,4,0,2,0,2,10,9,1,0,1,6,0,0,6,0,4,1,8,7,3,2,4,2,10,5,9,4,5,6,2,7,2,6,6,4,4,1,4,0,2,4,0,5,1,0,2,3,2,0,16,2,20,18,10,14,36,16,24,16,20,18,32,28,17,16,19,15,26,14,15,10,2,0
2,0,0,0,2,2,0,2,0,0,2,2,1,0,4,0,2,3,5,0,2,14,2,8,2,8,4,8,2,6,6,5,8,2,6,6,3,5,6,4,10,0,5,14,11,2,2,3,7,7,2,3,7,8,4,9,0,6,0,6,4,2,3,4,4,2,4,5,22,20,21,26,30,26,32,41,48,23,32,20,19,23,27,27,26,21,19,14,5,0
0,2,0,0,0,0,0,0,2,2,0,0,2,4,4,0,7,1,10,0,7,4,2,13,9,7,2,5,6,14,6,8,6,2,6,6,7,2,4,6,9,1,11,7,9,7,6,4,5,8,2,8,3,8,7,2,7,7,4,1,1,4,8,2,9,2,6,8,6,15,22,49,30,50,46,44,48,43,62,44,56,39,36,29,30,24,21,14,12,4
0,2,1,2,0,2,2,2,0,2,2,4,2,2,5,5,5,2,0,5,5,6,5,9,4,10,7,7,10,5,5,7,1,8,8,8,4,4,7,11,8,11,4,2,6,5,11,2,6,9,6,5,10,5,12,5,3,8,0,8,2,2,5,6,8,4,4,4,8,26,26,41,45,72,55,64,68,52,52,59,45,48,44,46,48,33,31,22,19,0
0,0,2,2,1,0,0,2,0,2,2,6,6,11,8,2,3,4,5,4,4,13,8,2,2,10,16,4,6,4,8,2,12,8,14,10,9,6,8,10,7,7,0,9,4,8,8,12,9,14,8,11,3,12,11,10,3,7,0,4,4,3,3,14,4,4,1,11,15,10,30,58,60,74,71,71,86,56,72,72,71,63,51,54,37,42,27,24,8,4
0,0,0,0,1,2,0,0,1,2,2,2,3,3,3,1,4,5,11,6,5,2,6,7,4,3,7,6,6,8,9,1,6,6,13,6,5,9,6,4,12,4,8,4,9,4,10,17,4,12,17,2,5,10,2,5,2,11,7,6,3,6,15,8,8,6,5,8,14,22,47,72,68,112,93,67,91,110,67,83,79,100,52,41,51,29,43,18,6,6
0,6,0,0,3,4,2,3,6,4,0,4,6,2,7,4,9,5,3,10,6,8,5,5,4,4,4,6,8,5,5,6,8,7,7,12,6,6,9,10,4,4,9,8,4,3,4,4,11,2,8,17,7,11,9,5,8,8,6,7,6,5,8,8,2,6,4,14,21,34,46,72,91,94,100,108,83,111,132,103,107,93,65,70,68,53,44,41,27,8
0,0,0,0,2,1,2,2,7,5,0,6,6,9,6,6,2,9,9,5,11,3,2,3,8,7,8,4,10,2,10,8,12,5,13,10,6,2,16,16,3,10,2,4,8,14,14,1,13,11,5,1,7,13,10,6,10,10,2,7,4,11,5,6,8,2,3,6,10,36,55,77,93,95,103,138,129,124,97,117,118,126,92,100,89,73,78,42,26,4
0,0,1,0,0,0,2,5,2,0,6,10,3,7,4,2,3,1,4,8,4,4,2,17,10,6,6,12,5,5,15,11,8,10,12,6,2,1,10,14,8,8,8,12,8,12,13,12,7,6,6,12,14,11,3,5,5,6,3,2,8,4,4,5,6,7,18,0,8,41,53,83,113,127,161,164,189,181,174,181,184,156,162,138,115,105,98,57,31,10
0,0,0,2,0,0,8,2,3,0,4,6,1,2,4,0,3,2,0,6,4,2,6,10,8,3,12,6,7,2,8,18,5,16,5,1,4,8,6,6,7,6,8,7,8,17,4,8,4,10,9,4,2,5,6,9,9,6,7,14,6,5,6,11,3,6,6,8,18,22,67,131,127,164,187,209,254,262,281,325,315,238,247,256,230,208,153,119,73,33
0,0,0,0,0,0,1,0,0,5,2,3,4,0,2,2,10,2,6,0,7,3,12,7,3,11,7,6,3,8,9,8,9,8,8,12,7,7,2,7,13,10,8,3,12,3,4,9,12,7,8,16,6,5,10,4,9,3,7,12,7,7,4,4,0,5,4,9,22,26,69,107,182,273,301,378,387,443,484,525,453,427,430,333,326,267,207,155,96,50
0,0,2,3,2,0,2,4,2,5,5,4,0,2,6,4,3,6,4,3,6,3,11,14,2,12,5,11,9,3,8,6,6,11,11,8,5,2,6,4,14,11,9,6,11,4,14,10,4,12,11,10,2,11,4,13,4,3,6,4,3,17,8,5,0,3,6,1,13,34,81,166,316,367,482,477,586,547,568,612,563,529,487,407,356,344,240,168,92,24
0,2,0,2,2,4,3,2,5,4,6,4,4,4,4,1,0,4,2,5,0,9,5,11,5,1,5,7,8,6,8,11,10,3,10,13,5,7,4,5,6,10,12,4,11,8,14,6,9,7,6,9,16,14,8,15,9,7,6,5,5,6,4,7,7,3,9,11,13,52,137,288,426,576,574,637,682,693,715,655,618,564,540,443,452,369,285,206,112,32
0,0,0,6,0,1,0,2,2,3,6,2,4,2,2,0,6,6,4,9,6,7,8,6,7,8,3,2,9,8,4,5,13,10,4,4,7,5,0,13,6,9,8,7,9,10,3,19,2,9,5,7,6,11,9,4,3,12,15,3,9,4,3,6,4,7,8,14,18,53,186,413,486,597,712,758,808,769,708,679,680,607,570,482,445,397,282,184,137,29
0,0,0,0,0,2,2,0,2,2,0,6,7,0,2,2,4,3,6,3,0,15,0,4,6,6,7,10,6,4,3,9,8,2,15,5,9,11,8,10,5,10,8,9,1,5,2,12,11,6,6,2,6,19,4,14,6,8,2,8,9,10,5,4,8,10,12,9,27,73,271,460,614,667,727,828,779,735,820,686,708,683,645,549,458,383,308,193,144,41
0,0,4,3,0,4,0,2,0,1,2,0,6,6,3,7,2,5,3,8,4,2,4,9,17,3,1,3,4,4,9,7,2,11,7,10,10,7,7,3,7,9,6,7,5,0,4,6,5,7,10,13,6,17,9,1,6,18,2,10,6,6,10,8,8,12,6,8,18,86,309,528,669,777,775,770,867,795,827,782,708,703,647,546,462,419,293,216,109,38
0,0,2,0,0,2,2,4,1,0,5,2,5,7,2,2,2,8,4,2,9,9,6,0,4,6,11,12,10,5,8,6,12,5,8,12,9,16,9,2,9,5,2,12,3,2,6,17,8,6,8,5,3,6,11,8,4,8,11,8,5,11,4,2,4,2,8,4,29,132,371,619,719,773,857,838,885,887,820,798,737,722,559,574,448,411,307,234,130,46
0,0,0,0,0,4,0,2,2,4,3,3,5,2,4,4,6,6,6,6,5,0,9,6,2,3,8,4,6,3,9,7,6,4,5,11,8,2,8,2,14,9,5,11,10,3,3,4,7,2,5,14,13,8,8,6,8,15,11,12,3,4,4,5,10,13,2,7,15,161,491,653,704,800,854,836,869,839,903,782,753,698,609,548,472,396,291,200,146,31
0,0,0,1,0,0,3,0,1,1,0,6,6,5,6,9,0,0,4,6,2,5,3,3,11,4,4,1,0,8,4,12,12,3,5,9,9,2,2,5,3,9,1,12,4,10,9,9,5,9,9,8,6,16,8,5,4,12,8,6,5,4,9,6,9,11,6,0,21,185,464,721,837,793,855,885,947,816,786,791,750,650,668,523,456,377,289,174,94,45
0,0,4,3,0,0,2,4,2,5,2,3,6,1,0,6,0,3,5,9,4,6,1,4,1,7,13,6,8,4,13,5,7,6,3,14,6,6,4,10,8,3,3,14,2,2,13,7,13,5,6,12,5,5,7,0,11,8,8,9,6,0,8,4,3,1,14,2,40,215,544,706,864,883,895,866,827,851,791,838,809,663,619,555,489,383,338,238,121,58
0,2,0,0,3,0,0,3,4,2,0,1,2,2,4,4,4,7,2,3,2,6,8,2,7,7,4,5,8,2,8,4,6,5,3,7,6,11,7,6,10,7,1,6,9,8,3,8,7,6,7,5,11,8,6,0,2,2,6,6,6,9,3,2,2,4,6,12,41,211,550,762,844,846,872,864,909,851,828,759,752,705,667,574,493,434,334,214,124,35
0,0,1,0,0,0,6,2,6,2,0,2,4,6,5,0,6,3,2,4,3,3,3,10,7,4,2,6,7,1,12,5,4,4,8,4,9,6,3,0,16,11,2,9,5,5,5,13,2,4,6,6,2,11,15,4,6,2,4,3,8,6,4,3,6,2,4,6,32,240,570,761,739,903,915,818,820,813,851,745,729,678,647,529,477,440,353,248,131,52
0,0,0,0,3,1,2,4,2,2,2,2,0,0,4,0,2,2,3,6,4,3,4,6,2,4,2,6,7,7,7,2,2,7,2,10,5,5,4,4,2,6,11,3,8,8,13,7,2,4,4,4,2,7,10,11,4,6,8,4,4,6,4,11,2,5,8,6,49,250,608,699,809,832,808,832,851,863,828,728,746,654,561,542,480,440,348,233,116,54
0,0,0,2,1,4,1,4,0,2,0,6,5,1,4,6,1,0,2,5,4,2,6,3,5,2,2,0,4,2,10,5,6,2,4,6,6,6,8,9,2,10,6,10,5,0,5,5,4,15,6,3,3,3,0,6,0,7,7,8,4,6,4,2,4,2,5,9,45,268,608,725,740,770,814,882,754,808,770,812,720,636,614,534,470,403,328,192,136,29
0,2,0,0,0,0,3,2,2,0,2,4,0,0,0,2,2,4,9,0,0,4,2,2,6,0,5,4,4,3,1,3,6,0,7,5,3,7,2,0,6,2,2,8,13,6,3,7,2,2,8,2,8,5,5,2,2,2,4,1,9,3,6,9,2,6,4,11,59,260,551,671,721,717,780,804,699,811,742,776,665,627,606,572,449,441,306,250,141,35
0,1,0,0,2,0,0,4,4,4,0,0,0,0,3,11,4,3,1,9,1,3,7,2,3,3,8,12,6,8,3,0,3,4,2,4,2,2,2,4,5,4,3,5,4,2,3,2,5,2,5,3,10,1,3,7,2,6,3,5,5,5,4,2,5,3,2,1,58,300,510,662,677,708,749,797,695,703,722,700,681,605,566,518,415,357,329,221,127,33
0,0,1,0,0,0,0,1,1,3,0,2,4,5,0,0,4,5,0,2,0,1,2,0,3,1,0,2,0,0,9,0,4,3,4,8,4,6,9,3,4,2,6,2,4,8,9,2,1,1,4,7,2,7,2,6,6,6,4,7,9,9,3,10,4,3,0,6,50,307,557,642,656,740,758,689,690,708,660,657,605,575,568,499,374,359,304,214,117,40
0,0,0,0,0,0,0,1,0,3,2,0,0,2,2,2,5,2,4,3,6,2,4,0,2,0,1,5,3,0,4,5,6,6,0,3,7,7,5,4,3,7,8,15,4,10,2,2,5,6,6,3,2,2,2,3,2,7,4,10,6,2,8,3,1,2,0,1,65,258,475,576,708,627,718,669,703,661,618,609,556,556,530,440,450,325,294,190,117,42
0,0,0,0,0,4,0,0,0,2,3,3,2,3,0,2,2,0,6,2,7,3,0,1,3,0,1,2,2,2,4,2,6,4,4,3,4,8,8,6,1,2,3,6,10,8,6,8,5,3,3,5,1,3,8,4,2,1,4,4,7,1,3,4,4,3,1,6,70,288,500,653,635,597,672,670,658,645,545,602,537,497,483,416,400,320,273,164,121,44
0,0,0,0,1,0,0,0,0,1,2,5,1,2,1,2,3,2,0,0,5,2,5,6,9,3,5,2,7,8,4,4,2,5,0,6,0,0,2,6,4,6,2,6,10,7,7,6,7,5,4,2,6,5,2,5,4,4,2,2,0,5,9,3,1,0,4,2,68,288,483,512,670,635,602,578,639,558,563,555,516,516,457,440,371,316,219,175,102,46
0,0,0,0,0,2,1,4,1,2,1,1,3,0,10,0,0,7,2,3,0,7,0,2,1,0,4,2,6,2,6,2,0,1,1,5,4,2,12,3,0,0,5,3,0,1,6,2,7,6,6,3,0,0,6,6,2,2,4,1,2,7,0,0,2,0,0,2,51,254,445,508,635,621,534,587,593,525,503,531,511,455,421,389,357,281,243,158,104,29
0,0,0,0,0,0,0,2,0,3,0,2,0,2,1,0,0,7,4,4,0,5,4,0,2,4,2,5,4,10,3,2,4,0,2,4,2,6,6,5,0,4,0,3,2,8,0,4,6,7,0,6,0,4,2,4,2,2,2,1,2,2,3,4,6,3,2,2,72,237,422,507,530,566,554,577,540,552,514,512,485,451,414,357,295,316,217,159,87,19
0,0,0,0,2,0,0,0,2,0,1,3,0,2,0,0,2,2,1,0,0,2,0,4,2,3,0,3,6,7,5,1,0,0,4,2,7,4,0,2,2,2,4,2,0,7,2,4,5,3,2,4,4,4,6,1,1,3,0,2,4,5,1,0,0,0,6,8,59,235,415,485,516,454,523,530,521,507,492,474,453,476,402,349,331,249,216,164,90,38
0,0,0,0,0,2,1,0,2,2,1,4,0,0,0,4,4,2,1,1,0,2,1,5,4,1,2,2,0,6,4,3,1,7,3,5,3,1,0,4,4,5,5,7,5,2,3,9,8,4,5,2,3,0,0,3,4,2,1,4,1,0,2,0,2,2,4,9,63,269,350,428,450,483,551,466,503,441,459,464,455,400,364,340,270,249,175,166,74,20
0,0,0,1,2,0,2,0,0,3,0,2,0,5,1,2,0,0,1,6,0,0,2,1,0,3,1,0,0,2,0,4,0,3,0,2,2,0,7,3,0,4,6,5,2,12,3,6,0,0,4,0,3,5,0,4,3,4,4,3,2,2,4,1,2,1,6,5,53,217,361,437,482,478,495,479,450,431,474,382,417,390,348,298,252,230,217,135,82,21
0,1,0,0,0,0,2,1,0,0,2,0,2,0,0,0,2,0,5,0,2,2,2,0,0,1,0,2,1,6,4,3,0,2,2,3,3,3,0,4,1,4,2,0,1,7,2,2,0,2,6,0,0,4,0,4,0,1,2,0,2,6,0,7,1,2,2,3,52,194,310,387,411,436,437,459,386,442,383,367,414,335,347,295,284,202,159,141,94,21
0,0,0,0,0,0,0,0,0,0,0,0,2,0,2,4,2,0,0,3,2,0,0,1,4,2,1,2,2,0,5,2,2,1,5,4,2,2,3,2,2,5,4,1,0,0,2,4,0,0,2,2,0,2,0,1,2,0,2,0,0,4,2,0,0,0,4,4,59,190,306,374,421,457,402,418,411,383,359,351,336,309,336,295,248,188,189,116,61,22
0,0,0,2,0,0,1,0,2,0,0,0,3,2,2,1,0,4,2,1,0,0,4,0,3,0,0,2,3,2,2,2,3,4,0,1,1,6,4,2,2,4,4,0,1,0,1,2,0,6,4,0,0,6,0,5,5,2,1,2,2,2,0,4,2,2,2,6,50,200,280,361,369,365,385,356,401,372,356,382,317,278,271,240,244,209,152,128,46,19
0,0,0,2,0,0,4,0,0,1,0,2,0,0,0,0,2,0,2,0,0,1,0,2,3,0,1,1,1,1,4,0,2,2,5,0,2,0,0,1,0,2,0,2,3,2,4,1,2,0,0,3,2,3,1,5,2,4,0,0,3,2,4,0,2,3,0,6,46,159,272,316,308,315,356,306,367,392,364,318,302,296,270,204,208,166,129,94,58,26
0,0,0,0,0,0,0,0,2,0,0,2,2,1,0,0,0,0,3,0,8,0,2,0,0,2,2,0,2,0,5,2,2,0,4,2,2,0,4,4,2,2,0,2,4,4,6,0,3,0,2,0,5,0,0,4,6,1,0,3,0,0,2,5,0,2,4,4,66,169,278,268,336,368,337,346,311,349,301,298,269,257,270,231,186,170,111,107,66,13
0,0,0,2,0,0,0,0,0,0,0,0,6,0,0,0,0,1,1,0,0,0,7,0,2,2,4,2,1,1,0,2,2,0,5,3,0,1,1,4,3,0,0,4,1,2,1,0,2,0,2,2,2,4,3,2,7,0,2,0,2,3,6,4,6,0,1,2,48,167,265,276,297,341,286,286,299,296,318,290,257,261,205,180,180,164,125,94,50,15
0,0,0,1,0,0,0,0,0,0,0,0,0,0,0,4,4,0,3,0,0,5,2,0,0,2,1,0,0,1,2,2,3,3,0,6,4,0,2,0,2,0,2,2,0,2,6,2,2,0,2,6,0,0,4,2,4,6,0,2,4,2,4,2,2,0,2,3,62,154,211,265,297,256,287,287,281,281,244,295,250,204,212,198,206,156,133,95,38,13
0,0,0,2,0,0,0,0,0,0,0,2,2,1,2,0,0,6,4,0,2,1,2,0,0,8,0,0,2,1,2,0,3,0,3,0,0,2,2,1,2,0,2,2,2,2,0,4,6,1,6,3,1,0,2,0,0,0,0,4,4,7,0,0,0,2,1,2,16,156,214,229,264,275,274,270,263,245,246,222,237,230,201,169,159,157,91,66,44,16
0,0,0,0,0,0,2,0,0,0,0,0,0,1,0,0,0,0,0,2,2,0,0,0,5,3,0,0,2,2,0,0,2,5,2,0,2,0,0,2,3,0,5,4,2,3,0,0,0,3,1,3,0,1,0,2,0,2,2,0,2,0,4,2,0,4,0,2,44,125,214,200,232,280,244,252,281,243,236,218,206,214,187,170,136,113,80,85,56,21
0,0,0,1,0,0,0,1,0,0,0,0,0,0,2,2,0,0,0,0,2,0,0,2,0,0,0,0,2,0,6,2,0,0,5,2,0,1,2,0,0,2,6,0,2,0,0,1,4,3,0,1,2,2,1,1,2,3,0,2,0,0,0,0,0,0,0,2,33,125,152,216,239,233,254,228,240,244,219,229,209,175,143,179,144,130,82,70,24,10
0,0,0,1,0,0,0,0,2,0,0,0,0,0,0,0,0,2,2,0,0,0,2,2,0,1,0,2,2,0,0,4,1,1,0,0,2,0,1,0,8,0,2,0,0,4,4,0,0,3,3,0,0,0,2,4,2,2,0,2,0,4,1,0,0,4,1,3,38,107,151,174,195,207,246,231,217,217,202,189,188,171,165,141,112,110,88,73,29,12
2,0,0,0,0,0,0,0,0,0,2,2,0,0,0,0,0,0,2,0,0,0,0,2,0,0,1,3,0,0,0,0,2,0,0,2,0,0,2,0,0,2,0,1,0,5,2,2,4,2,1,3,0,0,2,1,1,0,0,1,6,0,0,0,3,0,1,2,38,95,159,171,186,182,251,195,221,166,159,165,175,168,145,136,125,77,62,53,31,14
0,0,0,0,2,0,0,0,0,0,0,0,0,0,0,2,0,4,0,0,0,2,0,0,4,2,0,0,0,4,0,0,1,0,4,1,4,2,0,0,0,0,0,2,0,0,2,0,0,4,2,0,0,4,1,0,0,0,0,2,0,0,1,4,2,0,0,4,30,111,133,179,178,157,197,214,197,167,154,163,165,132,139,132,104,87,67,42,40,10
0,0,0,0,0,0,2,0,0,0,1,0,0,4,2,0,0,0,2,1,0,0,0,0,0,2,0,1,2,2,2,2,3,0,0,1,4,0,6,2,2,0,4,0,2,1,2,0,0,2,0,0,0,0,0,0,2,4,2,2,2,2,0,0,0,0,0,1,33,84,142,150,182,190,169,173,161,160,150,158,160,142,148,122,87,99,62,36,31,9
0,0,0,0,0,0,0,0,0,0,0,2,2,0,0,0,3,0,0,1,2,0,0,2,1,0,0,1,3,0,0,2,0,4,0,0,0,2,0,4,0,0,0,0,0,4,0,0,3,3,0,0,0,6,0,1,0,0,0,2,3,0,1,0,0,0,0,6,30,91,97,164,129,172,200,187,159,149,156,116,153,130,106,101,95,83,76,41,25,9
0,0,0,0,0,0,2,0,1,0,0,0,0,2,0,0,0,3,0,0,0,0,0,1,1,0,0,0,1,0,1,0,0,2,2,0,2,4,2,2,0,2,1,2,4,0,0,2,0,0,2,2,0,0,0,0,0,4,0,0,0,0,2,0,0,0,1,3,29,103,98,137,155,150,184,151,147,137,132,110,102,90,129,100,87,60,70,35,16,15
0,0,0,2,0,0,0,0,0,0,0,0,0,0,0,2,2,0,0,1,0,0,0,0,0,1,1,0,2,0,0,0,0,0,5,2,2,0,2,0,0,1,2,2,0,0,0,0,0,0,0,0,3,4,0,0,0,0,2,4,0,0,2,0,0,0,2,2,31,64,93,95,133,122,133,134,156,128,121,119,126,108,91,87,85,56,60,52,19,8
0,0,0,0,0,0,0,1,4,2,0,0,0,0,2,0,0,0,0,0,0,0,2,2,0,0,2,2,0,0,2,0,0,0,0,0,0,0,5,0,1,0,0,0,5,0,0,0,0,0,0,0,1,0,1,0,4,0,0,0,1,0,0,0,0,0,0,1,32,59,100,122,115,151,131,121,124,115,132,101,118,117,120,100,64,52,51,42,23,9
0,0,0,0,0,0,0,0,0,0,0,0,0,0,0,0,0,0,0,0,0,0,0,0,1,0,2,0,0,0,0,0,0,0,0,0,2,0,0,2,2,0,0,0,1,0,2,2,0,2,0,1,0,0,0,1,0,0,0,2,0,2,0,0,2,1,0,2,31,64,94,132,119,113,110,115,116,99,118,109,97,89,63,65,62,45,35,25,18,10
0,0,0,0,0,0,0,0,0,0,0,0,0,0,0,0,0,0,0,0,0,0,4,0,0,4,0,0,0,0,0,0,0,2,1,3,2,0,2,0,0,0,2,0,0,0,0,2,0,0,2,0,0,2,0,0,0,0,0,0,0,0,0,2,0,0,0,3,27,45,60,80,93,124,122,74,102,87,102,80,75,84,80,79,58,60,37,38,9,5
0,0,0,0,2,2,0,0,0,0,0,0,0,0,0,0,1,0,2,0,0,0,0,0,0,0,1,0,2,2,0,1,0,0,0,0,0,0,0,2,2,0,2,2,2,2,1,0,0,1,2,2,0,0,0,0,0,0,1,0,0,0,0,0,0,1,0,2,34,54,60,112,98,81,116,101,98,81,87,84,73,82,55,59,50,50,32,25,19,9
0,0,0,0,0,0,0,0,0,0,0,0,0,0,0,0,2,0,0,0,1,2,0,2,0,0,0,2,0,2,0,2,0,0,3,2,0,1,0,2,0,0,0,0,2,0,0,0,0,0,0,0,2,1,0,0,0,6,0,2,0,2,2,2,0,0,0,4,32,54,80,104,72,103,84,102,99,99,84,73,97,66,59,49,58,42,33,20,13,9
0,0,0,0,0,0,0,0,0,0,0,0,0,0,0,0,2,0,0,0,0,1,0,0,0,0,0,0,2,0,0,0,0,0,0,0,0,0,0,0,0,0,0,0,0,2,0,0,0,0,2,0,0,1,0,0,0,0,0,1,0,0,0,0,0,0,0,4,34,50,71,79,87,77,113,97,69,82,79,59,67,69,74,62,43,47,38,20,12,9
0,0,0,0,0,1,0,0,0,0,0,2,0,0,0,0,0,0,0,0,2,0,0,0,0,0,0,0,2,0,0,0,0,0,2,0,1,4,0,0,0,0,0,0,0,2,0,0,0,0,0,1,2,0,0,0,1,0,0,0,2,0,0,0,2,0,0,2,16,37,56,70,77,86,78,88,92,78,74,69,45,57,54,52,31,41,41,36,20,0
0,0,0,0,0,0,0,0,0,0,0,0,0,0,0,0,0,0,0,1,0,2,0,0,0,0,0,0,2,0,0,0,0,1,0,0,0,2,2,0,0,2,0,0,0,3,0,0,0,0,2,0,1,3,0,0,0,0,0,2,0,0,0,5,2,2,0,2,19,60,44,57,82,98,82,55,73,68,65,61,73,54,45,37,32,34,32,19,10,7
0,0,0,0,0,0,0,0,0,0,0,0,2,0,0,0,0,0,2,0,0,0,0,0,0,0,0,0,0,0,0,0,2,0,2,0,4,0,0,0,0,0,0,0,0,2,1,2,0,0,0,0,0,0,0,2,0,0,0,0,0,0,0,0,0,0,0,7,19,36,66,66,67,79,69,63,74,57,63,57,61,46,40,42,39,39,20,17,12,5
0,0,0,0,0,0,0,0,0,0,0,0,0,0,0,0,0,2,0,0,0,0,0,0,2,0,0,0,0,2,0,0,0,0,0,0,0,1,0,0,0,0,0,0,0,0,0,0,0,0,0,0,2,0,0,2,0,0,2,0,0,0,0,0,0,0,0,2,17,24,40,53,69,60,48,65,76,60,34,64,59,56,49,27,41,23,27,8,10,1
0,0,0,0,0,0,0,0,0,0,0,0,0,0,0,0,0,0,2,0,0,0,0,0,0,0,6,4,0,0,0,0,0,0,3,2,0,0,3,0,0,2,1,0,0,1,0,0,0,0,0,0,0,2,0,0,0,0,0,0,0,0,2,0,0,0,0,5,19,36,61,43,62,57,60,63,56,47,34,49,30,39,28,34,36,28,18,8,16,6
0,0,0,0,0,0,0,0,1,0,0,0,2,0,1,0,1,0,2,0,0,0,0,0,0,0,0,0,0,0,2,0,0,0,0,0,0,0,0,0,0,0,0,0,2,0,0,0,0,0,0,0,0,2,0,2,0,0,1,0,0,0,2,0,0,0,0,0,15,35,41,33,40,58,61,69,37,56,61,59,35,56,43,34,34,29,20,13,8,3
0,0,0,0,0,0,0,0,0,0,1,0,0,0,0,0,0,0,0,0,0,0,2,0,0,0,0,0,2,0,0,0,0,0,0,0,1,0,0,0,0,2,0,0,2,2,1,0,0,2,0,0,0,0,0,2,2,0,0,0,0,0,0,0,0,0,0,4,7,26,46,47,47,37,57,54,43,30,45,41,46,40,24,39,24,24,16,25,8,5
0,0,0,0,0,0,0,0,0,0,0,0,0,0,0,0,0,0,0,0,0,0,0,0,0,2,0,0,0,0,0,0,0,0,0,2,0,0,0,2,1,0,2,0,2,0,0,2,0,0,1,0,0,0,0,0,0,0,0,0,0,0,0,0,0,1,0,2,11,24,32,39,43,58,63,52,40,37,34,49,26,39,22,28,34,30,19,13,4,0
0,0,0,0,0,0,0,0,0,0,0,0,0,0,0,2,0,0,0,2,0,0,0,0,0,0,0,0,0,0,2,0,0,0,0,0,0,0,0,0,0,0,2,0,2,0,0,0,0,0,2,2,0,0,0,0,0,0,2,0,0,0,0,0,0,0,0,0,9,32,42,33,43,46,37,34,43,49,37,37,33,20,42,32,23,24,27,8,5,1
0,0,0,0,0,0,0,0,0,0,0,0,0,0,0,0,0,2,0,0,0,0,0,0,0,0,0,0,0,0,0,0,0,0,0,0,0,0,0,0,2,0,0,2,0,0,0,0,0,0,0,0,0,0,0,2,0,0,2,0,0,0,0,0,0,2,0,2,4,34,21,36,47,42,30,27,34,26,33,28,30,33,34,26,21,26,12,8,3,0
0,0,0,0,0,0,0,0,2,0,0,0,0,0,0,0,0,0,0,4,0,0,0,0,0,0,0,0,0,1,0,0,0,0,0,0,0,0,0,0,0,0,2,0,2,0,0,0,0,0,0,2,0,0,0,0,0,0,0,0,0,0,2,0,0,0,0,2,12,26,27,21,23,38,35,44,30,36,36,28,27,19,24,23,19,11,15,11,8,4
0,0,0,0,0,0,0,2,0,0,0,0,0,0,0,0,0,0,0,0,0,0,0,0,0,2,0,1,0,0,2,0,0,0,0,0,0,0,0,0,0,0,0,0,0,0,0,3,0,0,0,0,0,0,0,0,0,2,0,0,0,0,0,0,0,0,0,1,0,15,15,18,38,21,39,17,29,39,34,26,25,27,21,25,10,10,13,9,2,0
0,0,0,0,0,0,0,0,0,0,0,0,0,0,0,0,0,0,0,0,0,0,0,0,0,0,0,0,3,2,0,0,0,0,0,0,0,2,0,2,0,0,0,0,0,0,0,0,0,2,0,0,0,2,0,0,0,0,0,0,1,0,0,0,0,0,0,0,6,10,28,21,43,29,30,25,19,33,30,17,35,22,33,25,15,11,12,9,2,0
0,0,0,0,1,0,0,0,0,0,0,0,0,0,2,0,2,0,0,0,0,0,0,2,0,0,0,0,0,2,0,0,4,0,0,0,0,0,0,0,2,0,0,0,0,0,0,0,0,0,0,0,0,0,0,0,0,0,0,0,0,0,0,0,0,0,0,0,6,12,21,24,22,24,24,18,30,44,41,26,21,18,13,15,19,6,14,8,9,1
0,0,0,0,0,0,0,0,0,0,0,0,0,1,0,0,0,0,0,0,0,0,0,0,0,0,0,0,0,0,2,0,0,0,0,0,0,0,0,0,2,0,0,0,1,0,0,0,0,0,0,1,0,0,0,0,0,0,0,0,0,0,0,0,0,0,0,2,6,12,14,15,21,22,40,24,28,17,15,23,20,10,21,11,21,14,9,10,3,0
0,0,0,0,0,0,0,0,0,0,0,0,0,0,0,0,0,0,0,0,0,0,0,0,0,0,0,0,0,0,0,0,0,0,0,0,0,0,0,0,0,0,0,0,0,0,0,0,0,0,0,0,0,0,2,0,0,0,0,0,0,0,0,0,0,0,0,2,8,16,17,21,11,28,20,17,21,23,25,21,16,25,18,17,18,9,6,9,9,1
0,0,0,0,0,0,0,0,0,0,0,0,0,0,0,0,0,0,0,0,0,0,0,0,0,0,0,0,0,1,0,2,0,0,0,0,0,0,0,0,0,0,0,0,0,2,0,0,0,0,0,0,0,0,0,0,0,0,0,0,0,0,0,0,0,0,0,2,8,6,13,13,16,25,29,23,20,18,16,15,11,9,17,14,11,15,9,4,3,2
0,0,0,0,0,0,0,0,0,0,0,0,0,0,0,0,0,0,0,0,2,0,0,2,0,0,0,0,0,0,0,0,0,0,0,0,0,0,0,0,0,0,0,0,0,0,0,0,0,0,0,0,0,0,0,0,0,0,0,0,0,0,0,0,0,0,0,4,2,11,14,19,17,20,33,16,11,24,15,10,17,13,14,11,6,6,7,6,1,3
0,0,0,0,0,0,0,0,0,0,0,0,0,0,0,0,0,0,0,0,0,0,0,0,0,0,0,0,0,0,0,0,0,0,0,0,0,0,0,0,0,0,0,0,0,0,0,0,0,0,2,0,0,0,0,0,0,0,0,0,0,0,0,0,0,0,0,1,4,10,18,17,16,18,17,16,20,32,17,18,18,10,11,10,7,6,3,0,5,4
0,0,0,0,0,0,0,0,0,0,0,0,0,0,0,1,0,0,0,0,0,0,0,0,0,1,0,0,0,0,0,0,2,0,0,0,0,0,1,0,0,0,0,0,0,0,0,0,0,0,0,0,0,0,0,0,0,0,0,0,0,0,0,0,0,2,0,2,5,12,16,14,4,13,19,11,18,14,11,25,19,15,7,19,4,6,8,3,3,1
0,0,0,0,0,0,0,0,0,0,0,0,0,0,0,0,0,0,0,0,0,0,0,0,0,0,0,2,0,0,0,0,0,0,0,0,0,0,0,0,0,0,0,0,0,0,0,0,0,0,0,0,0,0,0,0,0,0,0,0,0,0,0,0,0,0,0,2,8,13,7,4,21,16,19,21,14,11,18,9,11,14,7,14,7,5,3,1,0,0
0,0,0,0,0,0,0,0,0,0,0,0,0,0,0,0,0,0,0,0,0,0,0,0,0,0,0,0,0,0,0,0,0,0,0,0,0,2,0,0,0,0,0,0,0,0,0,0,0,0,0,0,0,0,0,0,0,0,0,0,0,0,0,0,0,0,0,0,8,13,17,7,18,25,17,20,9,11,7,8,16,8,6,3,5,4,2,2,5,0
0,0,0,0,0,0,0,0,0,0,0,0,0,0,0,0,0,0,0,0,0,0,0,0,0,0,0,0,0,0,0,0,1,0,0,2,0,0,0,0,0,0,0,0,0,0,0,0,0,0,0,1,0,0,0,0,0,0,0,0,0,0,0,2,0,0,0,0,1,5,8,12,12,13,9,21,12,11,12,19,9,8,6,6,4,3,1,6,2,4
0,0,0,0,0,0,0,0,0,0,0,0,0,0,0,0,0,0,0,0,0,0,0,0,0,0,0,0,0,0,0,0,0,2,0,0,0,0,0,0,0,0,0,0,0,0,0,0,0,0,0,0,0,0,0,0,0,0,0,0,0,0,0,0,0,0,0,0,3,8,3,9,6,10,21,10,6,5,16,5,12,10,7,2,6,1,2,3,4,0
0,0,0,0,0,0,0,0,0,0,0,0,0,0,0,0,0,0,0,0,0,0,0,0,0,0,0,0,2,0,0,0,0,0,0,0,0,0,0,0,0,0,0,0,0,0,0,0,0,0,0,0,0,0,2,0,0,0,0,0,0,0,0,0,0,0,0,0,2,4,13,15,6,11,15,11,7,12,4,20,7,9,2,17,5,5,6,2,2,0
0,0,0,0,0,0,0,0,0,0,0,0,0,0,0,0,0,0,0,0,0,0,0,0,0,0,0,0,0,0,0,0,0,0,0,0,0,0,0,0,0,0,0,0,0,0,0,0,0,0,0,0,0,0,0,0,0,0,0,0,0,0,0,0,0,0,0,0,3,5,8,9,6,13,9,6,6,11,9,2,9,7,7,6,2,4,7,3,1,2
0,0,0,0,0,2,0,0,0,0,0,0,0,0,0,0,0,0,0,0,0,0,1,0,0,0,0,0,0,0,0,0,0,0,0,0,0,0,0,0,0,0,0,0,0,0,0,0,0,0,0,0,0,0,0,0,0,2,0,0,0,0,0,0,2,0,0,0,0,3,4,4,11,6,5,7,11,13,7,3,6,9,6,3,4,1,2,0,3,2
0,0,0,0,0,0,0,0,0,0,0,0,0,0,0,0,0,1,0,0,0,0,0,0,0,0,0,0,0,0,0,1,0,0,0,0,0,0,2,2,0,0,0,0,0,0,0,0,0,0,0,0,0,0,0,0,0,0,0,0,0,0,0,0,2,0,0,0,0,4,5,8,3,12,5,12,5,9,9,10,4,8,7,3,6,5,2,2,1,0
0,0,0,0,0,0,0,0,0,0,0,0,0,0,0,0,0,0,0,0,0,0,0,0,0,0,2,0,0,0,0,0,0,0,0,0,0,0,0,0,0,0,0,0,0,0,0,0,0,0,0,0,0,0,0,0,0,0,0,0,0,0,0,0,0,0,0,0,1,4,6,4,8,8,7,6,9,9,3,14,1,8,8,1,3,1,3,3,1,0
0,0,0,0,0,0,0,0,0,0,0,0,0,0,0,0,0,0,0,0,0,0,0,0,0,0,0,0,0,0,0,0,0,0,0,0,0,0,0,0,0,2,0,0,1,0,0,0,0,0,0,0,0,0,0,0,0,0,0,0,0,0,0,0,0,0,0,0,4,2,3,7,5,2,4,7,12,10,4,8,8,5,9,1,5,0,4,1,0,1
