3.664887e+00
1.099466e+01
1.832443e+01
2.565421e+01
3.298398e+01
4.031376e+01
4.764353e+01
5.497330e+01
6.230308e+01
6.963285e+01
7.696262e+01
8.429240e+01
9.162217e+01
9.895195e+01
1.062817e+02
1.136115e+02
1.209413e+02
1.282710e+02
1.356008e+02
1.429306e+02
1.502604e+02
1.575901e+02
1.649199e+02
1.722497e+02
1.795795e+02
1.869092e+02
1.942390e+02
2.015688e+02
2.088986e+02
2.162283e+02
2.235581e+02
2.308879e+02
2.382176e+02
2.455474e+02
2.528772e+02
2.602070e+02
2.675367e+02
2.748665e+02
2.821963e+02
2.895261e+02
2.968558e+02
3.041856e+02
3.115154e+02
3.188452e+02
3.261749e+02
3.335047e+02
3.408345e+02
3.481643e+02
3.554940e+02
3.628238e+02
3.701536e+02
3.774833e+02
3.848131e+02
3.921429e+02
3.994727e+02
4.068024e+02
4.141322e+02
4.214620e+02
4.287918e+02
4.361215e+02
4.434513e+02
4.507811e+02
4.581109e+02
4.654406e+02
4.727704e+02
4.801002e+02
4.874300e+02
4.947597e+02
5.020895e+02
5.094193e+02
5.167490e+02
5.240788e+02
5.314086e+02
5.387384e+02
5.460681e+02
5.533979e+02
5.607277e+02
5.680575e+02
5.753872e+02
5.827170e+02
5.900468e+02
5.973766e+02
6.047063e+02
6.120361e+02
6.193659e+02
6.266957e+02
6.340254e+02
6.413552e+02
6.486850e+02
6.560147e+02
