1.431673e+00
4.295020e+00
7.158366e+00
1.002171e+01
1.288506e+01
1.574841e+01
1.861175e+01
2.147510e+01
2.433845e+01
2.720179e+01
3.006514e+01
3.292849e+01
3.579183e+01
3.865518e+01
4.151853e+01
4.438187e+01
4.724522e+01
5.010857e+01
5.297191e+01
5.583526e+01
5.869860e+01
6.156195e+01
6.442530e+01
6.728864e+01
7.015199e+01
7.301534e+01
7.587868e+01
7.874203e+01
8.160538e+01
8.446872e+01
8.733207e+01
9.019542e+01
9.305876e+01
9.592211e+01
9.878546e+01
1.016488e+02
1.045122e+02
1.073755e+02
1.102388e+02
1.131022e+02
1.159655e+02
1.188289e+02
1.216922e+02
1.245556e+02
1.274189e+02
1.302823e+02
1.331456e+02
1.360090e+02
1.388723e+02
1.417357e+02
1.445990e+02
1.474623e+02
1.503257e+02
1.531890e+02
1.560524e+02
1.589157e+02
1.617791e+02
1.646424e+02
1.675058e+02
1.703691e+02
1.732325e+02
1.760958e+02
1.789592e+02
1.818225e+02
1.846859e+02
1.875492e+02
1.904125e+02
1.932759e+02
1.961392e+02
1.990026e+02
2.018659e+02
2.047293e+02
2.075926e+02
2.104560e+02
2.133193e+02
2.161827e+02
2.190460e+02
2.219094e+02
2.247727e+02
2.276361e+02
2.304994e+02
2.333627e+02
2.362261e+02
2.390894e+02
2.419528e+02
2.448161e+02
2.476795e+02
2.505428e+02
2.534062e+02
2.562695e+02
