3.630799e-02
1.089240e-01
1.815400e-01
2.541559e-01
3.267719e-01
3.993879e-01
4.720039e-01
5.446199e-01
6.172358e-01
6.898518e-01
7.624678e-01
8.350838e-01
9.076998e-01
9.803157e-01
1.052932e+00
1.125548e+00
1.198164e+00
1.270780e+00
1.343396e+00
1.416012e+00
1.488628e+00
1.561244e+00
1.633860e+00
1.706476e+00
1.779092e+00
1.851707e+00
1.924323e+00
1.996939e+00
2.069555e+00
2.142171e+00
2.214787e+00
2.287403e+00
2.360019e+00
2.432635e+00
2.505251e+00
2.577867e+00
2.650483e+00
2.723099e+00
2.795715e+00
2.868331e+00
2.940947e+00
3.013563e+00
3.086179e+00
3.158795e+00
3.231411e+00
3.304027e+00
3.376643e+00
3.449259e+00
3.521875e+00
3.594491e+00
3.667107e+00
3.739723e+00
3.812339e+00
3.884955e+00
3.957571e+00
4.030187e+00
4.102803e+00
4.175419e+00
4.248035e+00
4.320651e+00
4.393267e+00
4.465883e+00
4.538499e+00
4.611115e+00
4.683731e+00
4.756347e+00
4.828963e+00
4.901579e+00
4.974195e+00
5.046811e+00
5.119427e+00
5.192043e+00
5.264659e+00
5.337275e+00
5.409891e+00
5.482506e+00
5.555122e+00
5.627738e+00
5.700354e+00
5.772970e+00
5.845586e+00
5.918202e+00
5.990818e+00
6.063434e+00
6.136050e+00
6.208666e+00
6.281282e+00
6.353898e+00
6.426514e+00
6.499130e+00
