5.098132e-02
1.529440e-01
2.549066e-01
3.568693e-01
4.588319e-01
5.607946e-01
6.627572e-01
7.647199e-01
8.666825e-01
9.686451e-01
1.070608e+00
1.172570e+00
1.274533e+00
1.376496e+00
1.478458e+00
1.580421e+00
1.682384e+00
1.784346e+00
1.886309e+00
1.988272e+00
2.090234e+00
2.192197e+00
2.294160e+00
2.396122e+00
2.498085e+00
2.600048e+00
2.702010e+00
2.803973e+00
2.905935e+00
3.007898e+00
3.109861e+00
3.211823e+00
3.313786e+00
3.415749e+00
3.517711e+00
3.619674e+00
3.721637e+00
3.823599e+00
3.925562e+00
4.027525e+00
4.129487e+00
4.231450e+00
4.333413e+00
4.435375e+00
4.537338e+00
4.639300e+00
4.741263e+00
4.843226e+00
4.945188e+00
5.047151e+00
5.149114e+00
5.251076e+00
5.353039e+00
5.455002e+00
5.556964e+00
5.658927e+00
5.760890e+00
5.862852e+00
5.964815e+00
6.066778e+00
6.168740e+00
6.270703e+00
6.372665e+00
6.474628e+00
6.576591e+00
6.678553e+00
6.780516e+00
6.882479e+00
6.984441e+00
7.086404e+00
7.188367e+00
7.290329e+00
7.392292e+00
7.494255e+00
7.596217e+00
7.698180e+00
7.800143e+00
7.902105e+00
8.004068e+00
8.106030e+00
8.207993e+00
8.309956e+00
8.411918e+00
8.513881e+00
8.615844e+00
8.717806e+00
8.819769e+00
8.921732e+00
9.023694e+00
9.125657e+00
