2.259793e+00
6.779380e+00
1.129897e+01
1.581855e+01
2.033814e+01
2.485773e+01
2.937731e+01
3.389690e+01
3.841649e+01
4.293607e+01
4.745566e+01
5.197525e+01
5.649483e+01
6.101442e+01
6.553401e+01
7.005359e+01
7.457318e+01
7.909277e+01
8.361235e+01
8.813194e+01
9.265153e+01
9.717111e+01
1.016907e+02
1.062103e+02
1.107299e+02
1.152495e+02
1.197690e+02
1.242886e+02
1.288082e+02
1.333278e+02
1.378474e+02
1.423670e+02
1.468866e+02
1.514062e+02
1.559257e+02
1.604453e+02
1.649649e+02
1.694845e+02
1.740041e+02
1.785237e+02
1.830433e+02
1.875628e+02
1.920824e+02
1.966020e+02
2.011216e+02
2.056412e+02
2.101608e+02
2.146804e+02
2.192000e+02
2.237195e+02
2.282391e+02
2.327587e+02
2.372783e+02
2.417979e+02
2.463175e+02
2.508371e+02
2.553566e+02
2.598762e+02
2.643958e+02
2.689154e+02
2.734350e+02
2.779546e+02
2.824742e+02
2.869938e+02
2.915133e+02
2.960329e+02
3.005525e+02
3.050721e+02
3.095917e+02
3.141113e+02
3.186309e+02
3.231504e+02
3.276700e+02
3.321896e+02
3.367092e+02
3.412288e+02
3.457484e+02
3.502680e+02
3.547876e+02
3.593071e+02
3.638267e+02
3.683463e+02
3.728659e+02
3.773855e+02
3.819051e+02
3.864247e+02
3.909442e+02
3.954638e+02
3.999834e+02
4.045030e+02
