1.091409e+00
3.274226e+00
5.457044e+00
7.639861e+00
9.822679e+00
1.200550e+01
1.418831e+01
1.637113e+01
1.855395e+01
2.073677e+01
2.291958e+01
2.510240e+01
2.728522e+01
2.946804e+01
3.165085e+01
3.383367e+01
3.601649e+01
3.819931e+01
4.038212e+01
4.256494e+01
4.474776e+01
4.693058e+01
4.911339e+01
5.129621e+01
5.347903e+01
5.566185e+01
5.784466e+01
6.002748e+01
6.221030e+01
6.439312e+01
6.657593e+01
6.875875e+01
7.094157e+01
7.312439e+01
7.530720e+01
7.749002e+01
7.967284e+01
8.185566e+01
8.403847e+01
8.622129e+01
8.840411e+01
9.058693e+01
9.276974e+01
9.495256e+01
9.713538e+01
9.931820e+01
1.015010e+02
1.036838e+02
1.058666e+02
1.080495e+02
1.102323e+02
1.124151e+02
1.145979e+02
1.167807e+02
1.189636e+02
1.211464e+02
1.233292e+02
1.255120e+02
1.276948e+02
1.298776e+02
1.320605e+02
1.342433e+02
1.364261e+02
1.386089e+02
1.407917e+02
1.429745e+02
1.451574e+02
1.473402e+02
1.495230e+02
1.517058e+02
1.538886e+02
1.560715e+02
1.582543e+02
1.604371e+02
1.626199e+02
1.648027e+02
1.669855e+02
1.691684e+02
1.713512e+02
1.735340e+02
1.757168e+02
1.778996e+02
1.800824e+02
1.822653e+02
1.844481e+02
1.866309e+02
1.888137e+02
1.909965e+02
1.931793e+02
1.953622e+02
