1.428440e-01
4.285320e-01
7.142200e-01
9.999080e-01
1.285596e+00
1.571284e+00
1.856972e+00
2.142660e+00
2.428348e+00
2.714036e+00
2.999724e+00
3.285412e+00
3.571100e+00
3.856788e+00
4.142476e+00
4.428164e+00
4.713852e+00
4.999540e+00
5.285228e+00
5.570916e+00
5.856604e+00
6.142292e+00
6.427980e+00
6.713668e+00
6.999356e+00
7.285044e+00
7.570732e+00
7.856420e+00
8.142108e+00
8.427796e+00
8.713484e+00
8.999172e+00
9.284860e+00
9.570548e+00
9.856236e+00
1.014192e+01
1.042761e+01
1.071330e+01
1.099899e+01
1.128468e+01
1.157036e+01
1.185605e+01
1.214174e+01
1.242743e+01
1.271312e+01
1.299880e+01
1.328449e+01
1.357018e+01
1.385587e+01
1.414156e+01
1.442724e+01
1.471293e+01
1.499862e+01
1.528431e+01
1.557000e+01
1.585568e+01
1.614137e+01
1.642706e+01
1.671275e+01
1.699844e+01
1.728412e+01
1.756981e+01
1.785550e+01
1.814119e+01
1.842688e+01
1.871256e+01
1.899825e+01
1.928394e+01
1.956963e+01
1.985532e+01
2.014100e+01
2.042669e+01
2.071238e+01
2.099807e+01
2.128376e+01
2.156944e+01
2.185513e+01
2.214082e+01
2.242651e+01
2.271220e+01
2.299789e+01
2.328357e+01
2.356926e+01
2.385495e+01
2.414064e+01
2.442633e+01
2.471201e+01
2.499770e+01
2.528339e+01
2.556908e+01
