4.213390e-02
1.264017e-01
2.106695e-01
2.949373e-01
3.792051e-01
4.634729e-01
5.477407e-01
6.320085e-01
7.162763e-01
8.005441e-01
8.848120e-01
9.690798e-01
1.053348e+00
1.137615e+00
1.221883e+00
1.306151e+00
1.390419e+00
1.474687e+00
1.558954e+00
1.643222e+00
1.727490e+00
1.811758e+00
1.896026e+00
1.980293e+00
2.064561e+00
2.148829e+00
2.233097e+00
2.317365e+00
2.401632e+00
2.485900e+00
2.570168e+00
2.654436e+00
2.738704e+00
2.822971e+00
2.907239e+00
2.991507e+00
3.075775e+00
3.160043e+00
3.244310e+00
3.328578e+00
3.412846e+00
3.497114e+00
3.581382e+00
3.665650e+00
3.749917e+00
3.834185e+00
3.918453e+00
4.002721e+00
4.086989e+00
4.171256e+00
4.255524e+00
4.339792e+00
4.424060e+00
4.508328e+00
4.592595e+00
4.676863e+00
4.761131e+00
4.845399e+00
4.929667e+00
5.013934e+00
5.098202e+00
5.182470e+00
5.266738e+00
5.351006e+00
5.435273e+00
5.519541e+00
5.603809e+00
5.688077e+00
5.772345e+00
5.856612e+00
5.940880e+00
6.025148e+00
6.109416e+00
6.193684e+00
6.277951e+00
6.362219e+00
6.446487e+00
6.530755e+00
6.615023e+00
6.699291e+00
6.783558e+00
6.867826e+00
6.952094e+00
7.036362e+00
7.120630e+00
7.204897e+00
7.289165e+00
7.373433e+00
7.457701e+00
7.541969e+00
