50,0,0,2,10,2,18,14,8,18,16,8,14,10,18,30,10,22,24,24,18,12,27,18,26,26,24,22,16,28,18,18,28,36,30,40,34,30,32,38,44,20,36,74,40,54,36,46,50,32,34,60,50,44,52,50,66,48,56,52,36,60,50,56,54,64,46,32,50,54,42,44,40,50,50,24,40,36,16,30,22,12,22,12,14,8,2,4,6,2
0,6,10,16,8,10,16,20,34,18,30,24,30,50,56,48,60,56,49,76,71,58,78,62,78,79,72,64,77,56,73,75,68,106,87,83,68,104,73,76,73,86,92,86,88,67,59,91,94,91,106,134,122,118,128,112,122,130,115,136,148,107,99,100,134,120,120,106,110,86,98,108,99,96,88,86,76,76,68,100,56,72,40,44,58,10,30,20,16,4
0,6,12,24,14,23,36,36,43,39,60,50,50,70,68,58,84,67,72,70,77,63,103,97,96,101,96,113,84,122,104,113,100,91,122,110,128,139,139,113,122,142,139,135,158,100,146,129,126,116,147,150,158,154,144,145,180,126,158,184,156,197,152,176,164,132,160,174,173,134,162,137,152,136,120,129,126,114,106,96,110,70,75,58,56,38,46,22,18,2
0,6,16,16,24,26,26,38,52,61,64,66,53,81,60,68,73,103,107,105,98,132,111,152,124,139,143,126,123,120,130,159,144,162,149,164,182,140,171,134,145,147,173,148,142,144,138,160,163,168,178,192,170,186,198,185,229,193,198,184,192,210,196,194,192,174,196,200,199,180,166,192,202,182,166,144,142,153,126,122,113,108,108,76,78,70,48,26,22,6
4,7,14,28,34,30,31,41,66,51,61,64,92,91,57,73,107,85,106,113,131,126,138,118,138,162,140,161,146,146,189,134,183,156,193,195,164,163,200,188,204,184,123,156,178,128,179,216,162,170,192,209,143,232,197,197,208,201,244,241,215,240,230,274,209,244,227,242,250,270,191,229,191,206,194,189,189,167,160,132,167,146,126,106,58,82,62,32,26,6
4,10,17,33,40,30,42,58,46,53,60,72,80,80,94,112,126,113,134,132,111,136,161,169,194,160,149,177,133,156,164,175,170,183,216,209,227,160,205,155,187,179,208,198,199,165,198,146,215,189,156,218,195,252,215,213,230,235,211,314,244,260,242,248,269,306,244,279,289,269,281,261,258,212,252,233,224,232,194,217,178,164,165,124,110,90,46,46,16,6
2,4,14,27,28,37,43,66,60,72,45,96,71,83,95,125,99,129,151,124,118,134,130,133,183,169,139,168,191,176,170,224,163,170,187,208,175,241,190,183,196,231,186,215,161,199,209,182,206,176,199,188,225,203,265,239,239,284,299,255,226,307,284,295,299,301,328,300,290,340,312,284,338,335,322,324,334,239,280,283,212,222,142,144,138,122,92,71,46,16
4,5,20,14,37,44,46,49,64,69,69,83,50,96,126,114,100,111,123,128,141,130,116,178,112,183,156,157,192,129,195,203,202,180,185,196,213,169,174,191,198,214,202,199,220,198,250,191,184,227,194,210,166,184,196,223,224,306,267,270,313,238,310,350,296,316,315,298,359,378,354,387,446,392,492,407,391,298,375,313,279,253,223,214,186,160,121,98,39,6
0,12,16,12,16,49,50,64,70,58,97,54,96,96,100,104,108,97,94,143,125,135,131,134,172,163,141,147,161,164,148,140,170,152,161,158,167,175,186,193,223,161,212,197,208,193,208,179,189,154,192,171,203,205,232,243,229,257,256,260,276,245,298,312,358,291,373,355,403,498,508,510,545,557,555,471,524,504,497,443,442,318,339,220,226,182,134,89,49,16
4,13,9,16,22,15,47,28,48,61,53,60,83,95,93,97,90,98,107,143,123,86,163,140,134,158,171,146,149,149,148,172,124,166,164,148,163,205,186,190,181,175,190,144,166,215,199,199,159,149,174,158,192,225,225,210,241,239,251,215,219,278,327,279,331,353,458,546,610,621,706,687,747,792,802,747,745,723,654,591,628,535,410,357,273,267,171,118,63,14
4,6,17,28,24,29,33,48,42,56,49,68,74,77,75,96,83,91,100,85,90,119,112,140,124,153,96,143,119,142,140,157,122,207,142,182,179,169,182,168,173,181,166,160,147,160,153,160,165,178,158,154,169,183,204,169,183,198,223,209,270,260,314,334,343,468,565,720,847,940,957,1022,1246,1118,1070,1118,1089,1000,979,886,765,701,626,492,499,374,275,156,107,28
4,4,16,22,20,16,44,25,42,49,54,41,55,60,63,82,95,94,73,95,75,90,104,112,147,124,104,140,128,142,96,113,138,141,151,143,126,121,192,149,119,136,171,146,149,150,174,158,123,152,120,168,165,169,157,177,166,199,190,193,242,241,267,321,500,634,825,998,1134,1363,1383,1563,1620,1769,1670,1652,1699,1558,1519,1369,1145,1076,1013,801,623,486,413,252,125,34
2,6,18,13,18,21,33,42,26,49,65,47,70,76,61,105,76,66,65,60,85,92,99,94,122,104,103,102,133,112,103,106,148,133,112,132,144,152,122,124,136,121,141,136,128,126,159,123,125,165,143,157,131,118,191,173,148,210,182,187,226,256,257,361,623,877,1184,1549,1793,1944,2135,2423,2588,2535,2668,2600,2511,2530,2210,2131,1878,1800,1409,1159,1028,775,555,420,236,69
2,12,8,18,12,19,26,40,26,42,52,43,49,53,68,58,58,54,85,91,88,76,62,69,104,86,98,115,123,138,101,86,98,119,120,129,131,147,119,98,181,114,146,129,132,105,115,121,129,134,110,121,113,120,141,141,151,145,168,149,184,179,290,547,1099,1318,1952,2230,2560,3209,3384,3547,3565,3594,3534,3422,3318,3010,2855,2653,2276,2024,1865,1518,1291,1026,782,505,323,94
0,2,8,12,14,16,20,24,31,26,27,29,32,38,53,48,71,56,66,67,62,77,91,92,99,76,72,77,93,71,80,103,95,96,120,100,107,91,105,152,95,102,86,69,107,117,102,107,126,109,116,157,111,126,113,112,127,123,140,129,148,227,348,979,1550,2225,2752,3172,3608,3743,3985,3952,4107,3859,3759,3620,3439,3456,3063,2688,2553,2163,1927,1616,1422,1102,754,568,324,103
0,8,6,4,12,15,22,16,34,48,29,25,46,50,38,41,49,57,74,48,68,72,56,66,64,43,62,82,88,78,59,78,80,78,75,106,77,76,60,101,99,96,100,99,85,97,105,117,113,103,118,99,104,109,84,87,127,109,155,157,169,261,708,1456,2265,2880,3164,3638,3826,3911,3988,3997,3969,3847,3724,3584,3377,3237,2907,2838,2639,2276,1945,1772,1293,1069,861,551,314,81
0,1,8,6,14,16,12,14,27,14,28,36,33,34,42,27,48,27,44,58,56,68,51,79,68,71,58,76,73,82,63,77,60,76,74,84,75,78,91,84,96,111,76,76,81,68,87,80,89,92,79,78,79,67,68,98,88,126,129,110,133,373,1082,2168,2557,2992,3350,3511,3775,3868,3783,3693,3737,3608,3393,3499,3288,3110,2814,2773,2404,2149,1993,1538,1265,996,777,546,316,103
0,2,12,15,10,10,10,12,18,18,19,13,36,34,53,36,31,34,43,30,33,33,51,57,72,60,58,54,66,45,66,60,56,54,80,53,65,84,56,68,77,53,55,78,66,97,97,62,69,67,66,60,64,83,89,97,82,83,105,93,159,592,1584,2263,2818,2956,3286,3354,3529,3657,3636,3542,3498,3515,3556,3343,3222,3252,2921,2929,2681,2287,1979,1562,1253,1041,693,511,327,94
2,2,2,8,10,18,11,22,13,30,24,9,22,26,26,30,36,39,41,33,31,46,38,36,26,40,34,43,54,39,56,63,46,47,63,43,61,34,76,72,55,62,64,62,71,78,64,76,45,66,51,61,53,52,73,57,61,62,89,83,187,839,1643,2236,2571,2726,3007,3229,3115,3127,3269,3103,3082,3107,3062,2952,2879,3053,2849,2641,2387,1991,1779,1412,1157,852,675,465,253,103
0,2,4,10,8,10,8,16,2,18,23,18,22,19,30,30,22,24,20,21,24,38,40,31,28,33,36,36,31,52,51,60,39,50,60,55,40,51,40,66,41,52,59,52,76,43,34,55,43,45,47,63,62,66,52,47,61,54,67,80,284,1065,1681,2137,2399,2440,2649,2649,2694,2693,2701,2535,2571,2508,2455,2512,2502,2372,2326,2230,2053,1750,1508,1195,860,750,533,421,207,87
0,2,10,4,4,4,2,4,12,10,6,20,8,28,19,14,23,24,36,31,30,20,25,25,33,27,32,24,36,26,28,40,34,28,47,35,42,44,47,33,49,50,36,46,36,61,28,52,53,35,35,51,47,49,51,36,46,64,62,88,322,1109,1545,1840,2118,2163,2210,2214,2214,2269,2120,2254,2056,2158,1983,2042,1957,1934,1956,1953,1693,1460,1275,932,832,596,461,301,144,44
0,0,2,4,4,4,8,2,6,6,12,16,27,9,12,14,18,25,25,24,24,21,28,31,20,28,17,29,40,34,35,19,38,44,36,35,36,18,28,33,31,32,48,27,20,28,41,35,28,37,37,21,31,41,40,45,48,34,51,70,398,1007,1459,1510,1651,1825,1840,1866,1806,1789,1697,1635,1719,1756,1742,1762,1651,1724,1622,1470,1423,1171,1056,796,639,468,341,230,134,36
0,0,0,4,6,12,4,10,12,8,6,12,8,10,14,8,16,20,12,16,14,24,26,14,28,18,32,40,18,18,19,28,28,26,28,29,29,30,30,20,26,18,32,20,18,18,26,46,39,43,45,26,28,14,18,30,22,36,39,81,451,1020,1233,1322,1408,1511,1465,1491,1515,1396,1323,1469,1443,1419,1333,1370,1384,1268,1317,1392,1222,991,847,707,588,395,331,216,117,44
0,0,4,0,0,6,8,2,4,6,6,4,6,6,12,11,11,24,15,4,18,14,14,18,14,14,15,14,20,22,18,23,28,18,33,22,11,27,29,21,24,32,24,30,28,20,17,37,26,29,28,27,30,18,40,27,41,31,50,82,437,855,1007,1130,1134,1146,1136,1224,1183,1057,1126,1172,1232,1123,1032,1106,1081,1177,1016,981,930,795,759,535,434,330,241,209,109,20
0,0,2,2,2,2,3,7,4,1,4,14,6,0,11,8,10,9,10,6,12,15,12,10,24,14,15,18,6,12,16,22,14,22,11,19,12,23,28,20,16,20,18,14,22,16,30,12,28,30,29,14,20,11,24,25,19,24,40,61,388,709,903,965,880,1020,1061,943,954,915,1024,930,872,880,816,895,924,881,813,779,771,647,595,407,377,243,193,138,76,25
0,0,0,0,8,6,2,2,2,4,6,7,14,8,4,6,14,6,10,8,10,20,9,8,16,12,11,8,12,8,19,16,11,14,16,18,10,14,8,6,9,27,10,12,18,15,10,17,14,18,23,8,18,16,21,10,24,34,43,85,327,543,651,777,754,776,767,789,766,781,760,767,740,721,693,652,634,686,682,642,565,523,464,409,293,206,176,103,64,20
0,0,0,0,1,8,4,4,0,2,4,14,10,2,12,7,8,6,6,13,8,12,5,6,11,3,12,14,12,4,12,14,8,22,10,22,8,16,14,16,8,16,16,12,8,10,9,8,14,22,16,16,20,9,16,18,16,24,18,68,307,444,527,551,667,558,643,643,675,662,579,608,601,593,582,544,500,573,585,482,530,443,330,300,243,197,127,78,49,20
0,2,0,0,0,2,0,2,2,4,6,4,6,3,4,6,2,6,6,8,8,6,8,12,6,4,6,6,8,15,14,17,12,16,8,10,6,8,6,4,10,15,14,2,18,2,4,10,8,8,16,6,6,16,8,10,13,16,14,64,298,381,428,478,488,467,470,441,469,489,478,498,497,452,414,483,418,416,488,435,411,348,321,264,220,158,103,88,50,6
0,0,4,2,2,2,2,0,2,2,6,6,6,4,6,4,8,8,4,6,2,9,8,6,4,11,6,10,6,8,10,3,6,6,4,8,12,8,6,6,2,10,10,13,8,4,8,4,13,6,4,13,5,12,12,4,12,10,10,52,218,313,299,365,384,408,385,406,376,459,390,361,343,376,367,365,346,370,304,353,287,266,194,169,143,152,89,60,19,10
2,0,2,2,0,0,0,0,2,2,0,0,4,4,2,6,3,3,9,6,4,2,5,2,2,16,2,2,17,4,10,8,6,11,8,8,6,10,10,17,8,4,10,6,8,12,8,6,4,2,10,6,5,2,6,7,4,6,8,53,203,253,290,266,335,336,363,310,334,304,267,310,298,284,250,292,272,262,279,274,248,193,150,132,82,78,58,51,26,6
0,0,0,0,0,0,2,4,0,2,4,0,0,0,6,0,0,4,4,2,7,8,6,8,2,2,7,4,2,2,0,7,5,7,8,8,4,4,6,6,8,4,6,3,6,3,4,7,9,4,7,6,2,2,2,8,0,4,4,56,125,195,239,188,255,299,244,208,279,203,258,230,237,230,228,207,216,213,226,206,183,164,141,98,79,76,48,35,18,6
0,0,0,2,0,4,2,3,0,0,0,6,0,4,0,2,0,0,4,2,6,2,1,4,6,12,0,5,0,2,4,2,0,10,4,4,4,6,2,2,12,6,0,8,6,4,10,10,2,4,14,4,2,2,0,1,0,6,7,36,124,181,169,215,216,198,232,234,196,208,177,175,199,176,193,160,175,144,169,158,150,130,116,85,66,52,44,34,16,6
0,0,0,0,2,0,0,0,4,2,4,4,0,1,2,0,4,2,2,2,6,2,0,4,0,2,0,0,6,6,6,2,2,4,4,0,4,6,4,2,4,2,2,4,8,2,4,6,6,12,2,12,4,0,0,4,4,6,2,50,113,110,142,176,177,172,180,150,156,155,157,141,139,110,165,125,135,131,121,123,89,95,89,74,77,36,32,20,15,4
0,2,0,2,0,0,0,0,4,4,0,0,4,2,0,1,2,0,0,2,0,2,4,1,2,4,6,4,0,4,0,0,6,0,2,2,6,4,2,2,0,1,2,8,0,0,2,6,0,0,2,2,2,2,4,3,2,6,10,32,68,104,105,101,129,138,124,105,156,106,106,105,101,130,110,111,140,87,87,99,100,89,73,76,70,40,37,20,12,4
0,2,0,0,2,0,0,0,0,0,2,0,0,2,2,0,4,0,2,0,0,2,0,2,0,4,2,6,0,1,2,4,4,4,2,4,2,0,4,0,0,2,2,4,4,2,4,6,0,2,4,2,4,5,2,0,4,0,4,36,65,98,51,82,117,92,105,105,98,101,86,91,120,65,79,96,84,85,86,80,66,70,26,39,28,34,16,10,4,10
0,0,0,0,0,0,2,0,0,4,2,0,0,0,0,2,0,2,2,2,0,0,0,4,0,2,0,0,2,0,1,2,0,0,4,4,4,2,4,0,2,2,0,4,2,4,0,0,2,2,4,2,0,4,6,2,2,6,2,28,48,53,61,64,73,70,73,86,74,53,92,79,71,79,62,66,64,73,57,57,71,42,49,16,26,14,21,16,6,0
0,0,0,0,0,0,0,1,0,0,0,2,0,0,0,0,4,2,2,2,0,2,2,2,0,0,0,4,8,4,6,2,2,2,0,0,0,3,4,2,0,2,3,2,0,2,0,0,0,4,0,0,0,2,0,0,4,2,0,20,26,36,50,50,64,54,59,58,68,60,62,64,62,50,54,57,66,54,55,34,57,22,42,34,16,22,10,8,6,2
0,0,0,0,0,0,0,0,0,0,0,2,0,0,0,0,0,2,0,0,0,0,0,2,0,0,2,2,0,0,0,2,0,0,2,0,0,0,0,2,2,2,2,4,2,0,0,0,0,0,0,4,0,0,0,0,0,0,0,16,26,30,24,33,55,46,45,58,57,35,56,32,44,34,37,48,30,32,41,36,28,45,24,24,20,20,12,8,0,2
0,0,0,0,0,2,2,0,0,0,0,0,0,0,0,0,0,0,0,0,2,2,0,2,0,0,0,2,0,0,0,0,0,0,2,0,0,0,0,2,4,2,0,2,2,0,0,2,0,2,0,0,2,0,0,2,0,0,0,11,24,20,28,32,41,38,53,22,50,26,33,32,34,43,27,47,21,31,30,30,30,35,22,14,12,10,12,10,4,0
2,0,0,0,0,0,0,0,0,0,0,0,0,0,0,0,0,0,0,0,0,0,2,0,2,0,0,2,2,0,0,2,0,2,0,2,0,0,2,0,0,6,2,0,2,0,0,0,2,2,0,0,0,0,0,0,0,0,2,16,12,24,28,13,26,33,25,34,21,24,20,34,30,58,20,14,22,28,14,18,18,20,12,12,14,6,4,10,2,2
0,0,0,0,0,0,0,2,0,0,0,0,0,2,0,0,0,2,0,0,0,0,0,0,0,0,0,0,2,0,2,0,4,0,0,0,0,0,2,0,0,0,0,0,0,0,0,6,0,0,0,2,0,2,0,2,0,2,2,4,6,19,20,16,12,23,35,18,15,38,26,25,19,20,16,18,16,12,14,20,22,12,8,16,15,10,2,2,2,0
0,0,0,0,0,0,0,0,0,2,0,0,0,0,0,0,0,2,2,0,0,0,0,0,0,0,1,0,0,0,2,0,0,0,0,0,2,0,0,0,0,0,1,2,2,0,0,2,0,0,0,2,2,0,0,0,0,0,0,2,12,24,10,16,20,25,16,20,18,26,13,17,12,10,20,11,12,19,10,4,6,10,6,10,5,6,2,10,0,0
0,0,0,0,0,0,0,0,0,0,0,0,0,0,0,0,0,2,0,0,0,2,0,0,0,2,0,0,2,0,0,0,0,1,0,0,0,0,0,0,0,2,2,2,2,0,0,0,2,0,0,0,0,0,0,0,0,2,0,4,8,4,10,16,9,16,22,11,8,6,14,14,14,17,8,12,2,4,14,19,14,6,6,4,6,2,0,4,0,0
0,0,0,0,0,0,0,0,0,0,0,0,0,0,0,0,0,0,0,0,0,0,0,0,0,0,0,2,0,0,2,0,0,2,0,0,2,0,0,0,0,2,0,0,0,0,2,0,2,0,0,0,0,0,0,0,0,2,0,4,4,7,6,8,8,10,4,10,14,12,12,18,16,14,6,6,12,6,9,12,8,6,12,2,6,8,0,0,2,0
0,0,0,0,0,0,0,0,0,2,0,0,0,0,0,0,0,0,0,4,0,2,0,0,0,0,0,0,0,0,0,0,0,0,0,2,0,0,0,0,0,0,0,0,0,0,0,0,0,0,0,0,0,0,0,0,0,0,0,2,6,0,6,4,8,16,4,5,8,6,2,4,0,1,6,10,2,6,2,0,6,12,0,4,0,4,2,0,0,0
0,0,0,0,0,0,0,0,0,2,0,0,0,0,0,2,0,0,0,0,0,0,0,0,2,0,0,2,0,0,0,0,0,0,0,2,0,0,0,0,0,2,0,0,0,0,0,0,0,0,0,0,0,2,0,0,0,0,2,6,3,0,6,2,6,0,12,4,10,6,6,6,10,2,6,3,2,4,4,4,6,2,6,4,2,4,0,0,0,0
0,0,0,0,0,0,0,0,2,0,0,0,0,0,0,0,0,0,0,0,0,0,0,0,0,0,0,0,0,0,0,0,0,0,0,0,0,0,1,0,0,0,2,0,0,0,2,0,0,0,0,0,0,0,0,0,0,0,0,0,0,4,2,6,2,4,6,0,7,0,2,0,6,6,0,4,11,2,2,10,7,0,0,0,2,2,0,0,0,0
0,0,0,0,0,0,0,0,0,0,0,0,0,0,0,0,0,0,0,0,0,0,0,0,0,0,0,0,0,0,0,0,0,0,0,0,0,0,0,0,2,0,0,0,0,0,0,0,0,0,0,0,0,0,0,0,0,0,2,2,0,6,2,6,2,4,8,4,7,3,6,10,4,0,4,6,1,8,4,2,4,0,2,0,0,0,0,2,0,0
0,0,0,0,0,0,0,0,0,0,0,0,0,0,0,0,0,0,2,0,0,0,0,0,0,0,0,0,0,0,0,0,0,0,0,0,0,0,0,0,2,0,0,0,0,0,0,0,0,0,0,0,0,0,0,0,0,0,0,0,2,0,2,0,2,4,2,8,0,0,0,6,0,2,4,0,2,4,2,2,4,2,0,0,2,2,0,0,0,0
0,0,0,0,0,0,0,0,0,0,0,0,0,0,0,0,0,0,0,0,0,0,0,0,0,0,0,0,0,0,0,0,0,0,0,0,0,2,0,0,0,0,2,0,0,0,0,0,0,0,0,0,0,0,0,0,0,0,0,2,1,6,2,2,6,0,4,9,6,4,0,4,4,0,0,0,4,2,2,2,0,2,0,4,0,0,2,0,0,0
0,0,0,0,0,0,0,0,0,0,0,0,0,0,0,0,0,0,0,0,0,0,0,0,0,0,0,0,0,0,0,0,0,0,0,0,0,0,0,0,0,0,0,0,0,0,0,0,0,0,0,0,0,0,0,0,0,0,0,2,2,0,0,0,6,0,2,2,0,0,0,0,2,2,2,0,0,2,2,4,0,0,2,2,0,0,0,0,0,0
0,0,0,0,0,0,0,0,0,0,0,0,0,0,0,0,0,0,0,0,0,0,0,0,0,2,0,0,0,0,0,0,0,0,0,0,0,0,0,0,0,0,0,0,0,0,0,0,0,0,0,0,0,0,0,0,0,0,0,0,2,0,4,2,2,4,2,0,2,2,2,2,2,0,2,2,2,4,0,2,0,2,0,0,2,0,0,0,0,0
0,0,0,0,0,0,0,0,0,0,0,0,0,0,0,0,0,0,0,0,0,0,0,0,0,0,0,0,0,0,0,0,0,0,0,0,0,0,0,0,0,0,0,0,0,0,0,0,0,0,0,0,0,0,0,0,0,0,0,0,0,0,0,2,0,2,0,0,2,0,2,2,2,0,0,0,2,0,0,0,2,0,2,0,1,0,0,0,0,0
0,0,0,0,0,0,0,0,0,0,0,0,0,0,0,0,0,0,0,0,0,0,0,0,0,0,0,0,0,0,0,0,0,0,0,0,0,0,0,0,0,0,0,0,0,0,0,0,0,0,0,0,0,0,0,0,0,0,2,0,0,0,0,0,0,0,0,0,2,0,0,0,0,0,0,0,2,0,0,0,4,0,0,2,0,0,2,0,0,0
0,0,0,0,0,0,0,0,0,0,0,0,0,0,0,0,0,0,0,0,0,2,0,0,0,0,0,0,0,0,0,0,0,0,0,0,0,0,0,0,0,0,0,0,0,0,0,0,2,0,0,0,0,0,0,0,2,0,0,0,4,0,2,0,0,0,0,0,0,0,0,0,4,2,2,0,0,0,0,0,2,0,0,0,0,0,0,0,0,0
0,0,0,0,0,0,0,0,0,0,0,0,0,0,0,0,0,0,0,0,0,0,0,0,0,0,0,0,0,0,0,0,0,0,0,0,0,0,0,0,0,0,0,0,0,0,0,0,0,0,0,0,0,0,0,0,0,0,2,0,2,0,0,0,2,0,0,0,0,0,0,0,0,0,0,0,2,0,2,0,0,0,0,0,0,0,0,0,0,0
0,0,0,0,0,0,0,0,0,0,0,0,0,0,0,0,0,0,0,0,0,0,0,0,0,0,0,0,0,0,0,0,0,0,0,0,0,0,0,0,0,0,0,0,0,0,0,0,0,0,0,0,0,0,0,0,0,0,0,0,0,0,0,0,0,0,0,0,0,0,2,0,0,0,2,0,0,2,0,0,0,0,0,0,0,0,0,0,0,0
0,0,0,0,0,0,0,0,0,0,0,0,0,0,0,0,0,0,0,0,0,0,0,0,0,0,0,0,0,0,0,0,0,0,0,0,0,0,0,0,0,0,0,0,0,0,0,0,0,0,0,0,0,0,0,0,0,0,0,0,0,0,0,0,0,0,2,0,0,0,2,0,0,0,2,0,0,0,0,0,0,0,0,0,0,0,0,0,0,0
0,0,0,0,0,0,0,0,0,0,0,0,0,0,0,0,0,0,0,0,0,0,0,0,0,0,0,0,0,0,0,0,0,0,0,0,0,0,0,0,0,0,0,0,0,2,0,0,0,0,0,0,0,0,0,0,0,0,0,0,0,0,0,0,0,0,0,0,2,2,0,0,2,0,0,0,0,0,0,0,0,2,0,0,0,0,0,0,0,0
0,0,0,0,0,0,0,0,0,0,0,0,0,0,0,0,0,0,0,0,0,0,0,0,0,0,0,0,0,0,0,0,0,0,0,0,0,0,0,0,0,0,0,0,0,0,0,0,0,0,0,0,0,0,0,0,0,0,0,0,0,0,0,0,0,0,2,2,0,0,0,0,0,0,0,0,0,0,0,0,2,0,0,0,0,0,0,0,0,0
0,0,0,0,0,0,0,0,0,0,0,0,0,0,0,0,0,0,0,0,0,0,0,0,0,0,0,0,0,0,0,0,0,0,0,0,0,0,0,0,0,0,0,0,0,0,0,0,0,0,0,0,0,0,0,0,0,0,0,0,0,0,0,2,0,0,0,0,0,0,2,2,2,0,0,0,0,2,0,2,0,0,0,0,0,0,0,0,0,0
0,0,0,0,0,0,0,0,0,0,0,0,0,0,0,0,0,0,0,0,0,0,0,0,0,0,0,0,0,0,0,0,0,0,0,0,0,0,0,0,0,0,0,0,0,0,0,0,0,0,0,0,0,0,0,0,0,0,0,0,0,0,0,0,0,0,0,0,0,0,0,2,0,0,0,0,0,0,0,0,0,0,0,0,0,0,0,0,0,0
0,0,0,0,0,0,0,0,0,0,0,0,0,0,0,0,0,0,0,0,0,0,0,0,0,0,0,0,0,0,0,0,0,0,0,0,0,0,0,0,0,0,0,0,0,0,0,0,0,0,0,0,0,0,0,0,0,0,0,0,0,0,0,0,0,0,0,0,0,0,0,0,0,0,0,0,0,0,0,0,0,0,0,0,0,0,0,0,0,0
0,0,0,0,0,0,0,0,0,0,0,0,0,0,0,0,0,0,0,0,0,0,0,0,0,0,0,0,0,0,0,0,0,0,0,0,0,0,0,0,0,0,0,0,0,0,0,0,0,0,0,0,0,0,0,0,0,0,0,0,0,0,0,0,0,0,0,0,0,0,0,0,2,0,0,0,0,0,0,0,0,0,0,2,0,0,0,0,0,0
0,0,0,0,0,0,0,0,0,0,0,0,0,0,0,0,0,0,0,0,0,0,0,0,0,0,0,0,0,0,0,0,0,0,0,0,0,0,0,0,0,0,0,0,0,0,0,0,0,0,0,0,0,0,0,0,0,0,0,0,0,0,0,0,0,0,0,0,0,2,0,0,0,0,2,0,0,0,0,0,0,0,0,2,0,0,0,0,0,0
0,0,0,0,0,0,0,0,0,0,0,0,0,0,0,0,0,0,0,0,0,0,0,0,0,0,0,0,0,0,0,0,0,0,0,0,0,0,0,0,0,0,0,0,0,0,0,0,0,0,0,0,0,0,0,0,0,0,0,0,0,0,0,0,0,0,0,0,0,0,0,0,0,0,0,0,0,0,0,0,0,0,0,0,0,0,0,0,0,0
0,0,0,0,0,0,0,0,0,0,0,0,0,0,0,0,0,0,0,0,0,0,0,0,0,0,0,0,0,0,0,0,0,0,0,0,0,0,0,0,0,0,0,0,0,0,0,0,0,0,0,0,0,0,0,0,0,0,0,0,0,0,0,0,0,0,0,0,0,0,0,0,0,0,0,0,0,0,0,0,0,0,0,0,0,0,0,0,0,0
0,0,0,0,0,0,0,0,0,0,0,0,0,0,0,0,0,0,0,0,0,0,0,0,0,0,0,0,0,0,0,0,0,0,0,0,0,0,0,0,0,0,0,0,0,0,0,0,0,0,0,0,0,0,0,0,0,0,0,0,0,0,0,0,0,0,0,0,0,0,0,0,0,0,0,0,0,0,0,0,0,0,0,0,0,0,0,0,0,0
0,0,0,0,0,0,0,0,0,0,0,0,0,0,0,0,0,0,0,0,0,0,0,0,0,0,0,0,0,0,0,0,0,0,0,0,0,0,0,0,0,0,0,0,0,0,0,0,0,0,0,0,0,0,0,0,0,0,0,0,0,0,0,0,0,0,0,0,0,0,0,0,0,0,0,0,0,0,0,0,0,0,0,0,0,0,0,0,0,0
0,0,0,0,0,0,0,0,0,0,0,0,0,0,0,0,0,0,0,0,0,0,0,0,0,0,0,0,0,0,0,0,0,0,0,0,0,0,0,0,0,0,0,0,0,0,0,0,0,0,0,0,0,0,0,0,0,0,0,0,0,0,0,0,0,0,0,0,0,0,0,0,0,0,0,0,0,0,0,0,0,0,0,0,0,0,0,0,0,0
0,0,0,0,0,0,0,0,0,0,0,0,0,0,0,0,0,0,0,0,0,0,0,0,0,0,0,0,0,0,0,0,0,0,0,0,0,0,0,0,0,0,0,0,0,0,0,0,0,0,0,0,0,0,0,0,0,0,0,0,0,0,0,0,0,0,0,0,0,0,0,0,0,0,0,0,0,0,0,0,0,0,0,0,0,0,0,0,0,0
0,0,0,0,0,0,0,0,0,0,0,0,0,0,0,0,0,0,0,0,0,0,0,0,0,0,0,0,0,0,0,0,0,0,0,0,0,0,0,0,0,0,0,0,0,0,0,0,0,0,0,0,0,0,0,0,0,0,0,0,0,0,0,0,0,0,0,0,0,0,0,0,0,0,0,0,0,0,0,0,0,0,0,0,0,0,0,0,0,0
0,0,0,0,0,0,0,0,0,0,0,0,0,0,0,0,0,0,0,0,0,0,0,0,0,0,0,0,0,0,0,0,0,0,0,0,0,0,0,0,0,0,0,0,0,0,0,0,0,0,0,0,0,0,0,0,0,0,0,0,0,0,0,0,0,0,0,0,0,0,0,0,0,0,0,0,0,0,0,0,0,0,0,0,0,0,0,0,0,0
0,0,0,0,0,0,0,0,0,0,0,0,0,0,0,0,0,0,0,0,0,0,0,0,0,0,0,0,0,0,0,0,0,0,0,0,0,0,0,0,0,0,0,0,0,0,0,0,0,0,0,0,0,0,0,0,0,0,0,0,0,0,0,0,0,0,0,0,0,0,0,0,0,0,0,0,0,0,0,0,0,0,0,0,0,0,0,0,0,0
0,0,0,0,0,0,0,0,0,0,0,0,0,0,0,0,0,0,0,0,0,0,0,0,0,0,0,0,0,0,0,0,0,0,0,0,0,0,0,0,0,0,0,0,0,0,0,0,0,0,0,0,0,0,0,0,0,0,0,0,0,0,0,0,0,0,0,0,0,0,0,0,0,0,0,0,0,0,0,0,0,0,0,0,0,0,0,0,0,0
0,0,0,0,0,0,0,0,0,0,0,0,0,0,0,0,0,0,0,0,0,0,0,0,0,0,0,0,0,0,0,0,0,0,0,0,0,0,0,0,0,0,0,0,0,0,0,0,0,0,0,0,0,0,0,0,0,0,0,0,0,0,0,0,0,0,0,0,0,0,0,0,0,0,0,0,0,0,0,0,0,0,0,0,0,0,0,0,0,0
0,0,0,0,0,0,0,0,0,0,0,0,0,0,0,0,0,0,0,0,0,0,0,0,0,0,0,0,0,0,0,0,0,0,0,0,0,0,0,0,0,0,0,0,0,0,0,0,0,0,0,0,0,0,0,0,0,0,0,0,0,0,0,0,0,0,0,0,0,0,0,0,0,0,0,0,0,0,0,0,0,0,0,0,0,0,0,0,0,0
0,0,0,0,0,0,0,0,0,0,0,0,0,0,0,0,0,0,0,0,0,0,0,0,0,0,0,0,0,0,0,0,0,0,0,0,0,0,0,0,0,0,0,0,0,0,0,0,0,0,0,0,0,0,0,0,0,0,0,0,0,0,0,0,0,0,0,0,0,0,0,0,0,0,0,0,0,0,0,0,0,0,0,0,0,0,0,0,0,0
0,0,0,0,0,0,0,0,0,0,0,0,0,0,0,0,0,0,0,0,0,0,0,0,0,0,0,0,0,0,0,0,0,0,0,0,0,0,0,0,0,0,0,0,0,0,0,0,0,0,0,0,0,0,0,0,0,0,0,0,0,0,0,0,0,0,0,0,0,0,0,0,0,0,0,0,0,0,0,0,0,0,0,0,0,0,0,0,0,0
0,0,0,0,0,0,0,0,0,0,0,0,0,0,0,0,0,0,0,0,0,0,0,0,0,0,0,0,0,0,0,0,0,0,0,0,0,0,0,0,0,0,0,0,0,0,0,0,0,0,0,0,0,0,0,0,0,0,0,0,0,0,0,0,0,0,0,0,0,0,0,0,0,0,0,0,0,0,0,0,0,0,0,0,0,0,0,0,0,0
0,0,0,0,0,0,0,0,0,0,0,0,0,0,0,0,0,0,0,0,0,0,0,0,0,0,0,0,0,0,0,0,0,0,0,0,0,0,0,0,0,0,0,0,0,0,0,0,0,0,0,0,0,0,0,0,0,0,0,0,0,0,0,0,0,0,0,0,0,0,0,0,0,0,0,0,0,0,0,0,0,0,0,0,0,0,0,0,0,0
0,0,0,0,0,0,0,0,0,0,0,0,0,0,0,0,0,0,0,0,0,0,0,0,0,0,0,0,0,0,0,0,0,0,0,0,0,0,0,0,0,0,0,0,0,0,0,0,0,0,0,0,0,0,0,0,0,0,0,0,0,0,0,0,0,0,0,0,0,0,0,0,0,0,0,0,0,0,0,0,0,0,0,0,0,0,0,0,0,0
0,0,0,0,0,0,0,0,0,0,0,0,0,0,0,0,0,0,0,0,0,0,0,0,0,0,0,0,0,0,0,0,0,0,0,0,0,0,0,0,0,0,0,0,0,0,0,0,0,0,0,0,0,0,0,0,0,0,0,0,0,0,0,0,0,0,0,0,0,0,0,0,0,0,0,0,0,0,0,0,0,0,0,0,0,0,0,0,0,0
0,0,0,0,0,0,0,0,0,0,0,0,0,0,0,0,0,0,0,0,0,0,0,0,0,0,0,0,0,0,0,0,0,0,0,0,0,0,0,0,0,0,0,0,0,0,0,0,0,0,0,0,0,0,0,0,0,0,0,0,0,0,0,0,0,0,0,0,0,0,0,0,0,0,0,0,0,0,0,0,0,0,0,0,0,0,0,0,0,0
0,0,0,0,0,0,0,0,0,0,0,0,0,0,0,0,0,0,0,0,0,0,0,0,0,0,0,0,0,0,0,0,0,0,0,0,0,0,0,0,0,0,0,0,0,0,0,0,0,0,0,0,0,0,0,0,0,0,0,0,0,0,0,0,0,0,0,0,0,0,0,0,0,0,0,0,0,0,0,0,0,0,0,0,0,0,0,0,0,0
0,0,0,0,0,0,0,0,0,0,0,0,0,0,0,0,0,0,0,0,0,0,0,0,0,0,0,0,0,0,0,0,0,0,0,0,0,0,0,0,0,0,0,0,0,0,0,0,0,0,0,0,0,0,0,0,0,0,0,0,0,0,0,0,0,0,0,0,0,0,0,0,0,0,0,0,0,0,0,0,0,0,0,0,0,0,0,0,0,0
0,0,0,0,0,0,0,0,0,0,0,0,0,0,0,0,0,0,0,0,0,0,0,0,0,0,0,0,0,0,0,0,0,0,0,0,0,0,0,0,0,0,0,0,0,0,0,0,0,0,0,0,0,0,0,0,0,0,0,0,0,0,0,0,0,0,0,0,0,0,0,0,0,0,0,0,0,0,0,0,0,0,0,0,0,0,0,0,0,0
0,0,0,0,0,0,0,0,0,0,0,0,0,0,0,0,0,0,0,0,0,0,0,0,0,0,0,0,0,0,0,0,0,0,0,0,0,0,0,0,0,0,0,0,0,0,0,0,0,0,0,0,0,0,0,0,0,0,0,0,0,0,0,0,0,0,0,0,0,0,0,0,0,0,0,0,0,0,0,0,0,0,0,0,0,0,0,0,0,0
0,0,0,0,0,0,0,0,0,0,0,0,0,0,0,0,0,0,0,0,0,0,0,0,0,0,0,0,0,0,0,0,0,0,0,0,0,0,0,0,0,0,0,0,0,0,0,0,0,0,0,0,0,0,0,0,0,0,0,0,0,0,0,0,0,0,0,0,0,0,0,0,0,0,0,0,0,0,0,0,0,0,0,0,0,0,0,0,0,0
0,0,0,0,0,0,0,0,0,0,0,0,0,0,0,0,0,0,0,0,0,0,0,0,0,0,0,0,0,0,0,0,0,0,0,0,0,0,0,0,0,0,0,0,0,0,0,0,0,0,0,0,0,0,0,0,0,0,0,0,0,0,0,0,0,0,0,0,0,0,0,0,0,0,0,0,0,0,0,0,0,0,0,0,0,0,0,0,0,0
