1.212421e-01
3.637262e-01
6.062104e-01
8.486945e-01
1.091179e+00
1.333663e+00
1.576147e+00
1.818631e+00
2.061115e+00
2.303599e+00
2.546084e+00
2.788568e+00
3.031052e+00
3.273536e+00
3.516020e+00
3.758504e+00
4.000988e+00
4.243473e+00
4.485957e+00
4.728441e+00
4.970925e+00
5.213409e+00
5.455893e+00
5.698378e+00
5.940862e+00
6.183346e+00
6.425830e+00
6.668314e+00
6.910798e+00
7.153282e+00
7.395767e+00
7.638251e+00
7.880735e+00
8.123219e+00
8.365703e+00
8.608187e+00
8.850672e+00
9.093156e+00
9.335640e+00
9.578124e+00
9.820608e+00
1.006309e+01
1.030558e+01
1.054806e+01
1.079054e+01
1.103303e+01
1.127551e+01
1.151800e+01
1.176048e+01
1.200297e+01
1.224545e+01
1.248793e+01
1.273042e+01
1.297290e+01
1.321539e+01
1.345787e+01
1.370035e+01
1.394284e+01
1.418532e+01
1.442781e+01
1.467029e+01
1.491278e+01
1.515526e+01
1.539774e+01
1.564023e+01
1.588271e+01
1.612520e+01
1.636768e+01
1.661016e+01
1.685265e+01
1.709513e+01
1.733762e+01
1.758010e+01
1.782259e+01
1.806507e+01
1.830755e+01
1.855004e+01
1.879252e+01
1.903501e+01
1.927749e+01
1.951997e+01
1.976246e+01
2.000494e+01
2.024743e+01
2.048991e+01
2.073239e+01
2.097488e+01
2.121736e+01
2.145985e+01
2.170233e+01
