3.984338e+00
1.195301e+01
1.992169e+01
2.789037e+01
3.585904e+01
4.382772e+01
5.179639e+01
5.976507e+01
6.773374e+01
7.570242e+01
8.367110e+01
9.163977e+01
9.960845e+01
1.075771e+02
1.155458e+02
1.235145e+02
1.314831e+02
1.394518e+02
1.474205e+02
1.553892e+02
1.633579e+02
1.713265e+02
1.792952e+02
1.872639e+02
1.952326e+02
2.032012e+02
2.111699e+02
2.191386e+02
2.271073e+02
2.350759e+02
2.430446e+02
2.510133e+02
2.589820e+02
2.669506e+02
2.749193e+02
2.828880e+02
2.908567e+02
2.988253e+02
3.067940e+02
3.147627e+02
3.227314e+02
3.307000e+02
3.386687e+02
3.466374e+02
3.546061e+02
3.625747e+02
3.705434e+02
3.785121e+02
3.864808e+02
3.944494e+02
4.024181e+02
4.103868e+02
4.183555e+02
4.263242e+02
4.342928e+02
4.422615e+02
4.502302e+02
4.581989e+02
4.661675e+02
4.741362e+02
4.821049e+02
4.900736e+02
4.980422e+02
5.060109e+02
5.139796e+02
5.219483e+02
5.299169e+02
5.378856e+02
5.458543e+02
5.538230e+02
5.617916e+02
5.697603e+02
5.777290e+02
5.856977e+02
5.936663e+02
6.016350e+02
6.096037e+02
6.175724e+02
6.255410e+02
6.335097e+02
6.414784e+02
6.494471e+02
6.574157e+02
6.653844e+02
6.733531e+02
6.813218e+02
6.892905e+02
6.972591e+02
7.052278e+02
7.131965e+02
