7.952083e-02
2.385625e-01
3.976042e-01
5.566458e-01
7.156875e-01
8.747291e-01
1.033771e+00
1.192812e+00
1.351854e+00
1.510896e+00
1.669937e+00
1.828979e+00
1.988021e+00
2.147062e+00
2.306104e+00
2.465146e+00
2.624187e+00
2.783229e+00
2.942271e+00
3.101312e+00
3.260354e+00
3.419396e+00
3.578437e+00
3.737479e+00
3.896521e+00
4.055562e+00
4.214604e+00
4.373646e+00
4.532687e+00
4.691729e+00
4.850771e+00
5.009812e+00
5.168854e+00
5.327896e+00
5.486937e+00
5.645979e+00
5.805021e+00
5.964062e+00
6.123104e+00
6.282146e+00
6.441187e+00
6.600229e+00
6.759271e+00
6.918312e+00
7.077354e+00
7.236396e+00
7.395437e+00
7.554479e+00
7.713521e+00
7.872562e+00
8.031604e+00
8.190646e+00
8.349687e+00
8.508729e+00
8.667771e+00
8.826812e+00
8.985854e+00
9.144896e+00
9.303937e+00
9.462979e+00
9.622021e+00
9.781062e+00
9.940104e+00
1.009915e+01
1.025819e+01
1.041723e+01
1.057627e+01
1.073531e+01
1.089435e+01
1.105340e+01
1.121244e+01
1.137148e+01
1.153052e+01
1.168956e+01
1.184860e+01
1.200765e+01
1.216669e+01
1.232573e+01
1.248477e+01
1.264381e+01
1.280285e+01
1.296190e+01
1.312094e+01
1.327998e+01
1.343902e+01
1.359806e+01
1.375710e+01
1.391615e+01
1.407519e+01
1.423423e+01
