6.327309e-02
1.898193e-01
3.163654e-01
4.429116e-01
5.694578e-01
6.960040e-01
8.225502e-01
9.490963e-01
1.075643e+00
1.202189e+00
1.328735e+00
1.455281e+00
1.581827e+00
1.708373e+00
1.834920e+00
1.961466e+00
2.088012e+00
2.214558e+00
2.341104e+00
2.467650e+00
2.594197e+00
2.720743e+00
2.847289e+00
2.973835e+00
3.100381e+00
3.226928e+00
3.353474e+00
3.480020e+00
3.606566e+00
3.733112e+00
3.859658e+00
3.986205e+00
4.112751e+00
4.239297e+00
4.365843e+00
4.492389e+00
4.618936e+00
4.745482e+00
4.872028e+00
4.998574e+00
5.125120e+00
5.251666e+00
5.378213e+00
5.504759e+00
5.631305e+00
5.757851e+00
5.884397e+00
6.010943e+00
6.137490e+00
6.264036e+00
6.390582e+00
6.517128e+00
6.643674e+00
6.770221e+00
6.896767e+00
7.023313e+00
7.149859e+00
7.276405e+00
7.402951e+00
7.529498e+00
7.656044e+00
7.782590e+00
7.909136e+00
8.035682e+00
8.162228e+00
8.288775e+00
8.415321e+00
8.541867e+00
8.668413e+00
8.794959e+00
8.921506e+00
9.048052e+00
9.174598e+00
9.301144e+00
9.427690e+00
9.554236e+00
9.680783e+00
9.807329e+00
9.933875e+00
1.006042e+01
1.018697e+01
1.031351e+01
1.044006e+01
1.056661e+01
1.069315e+01
1.081970e+01
1.094624e+01
1.107279e+01
1.119934e+01
1.132588e+01
