3.551894e+00
1.065568e+01
1.775947e+01
2.486326e+01
3.196705e+01
3.907083e+01
4.617462e+01
5.327841e+01
6.038220e+01
6.748599e+01
7.458977e+01
8.169356e+01
8.879735e+01
9.590114e+01
1.030049e+02
1.101087e+02
1.172125e+02
1.243163e+02
1.314201e+02
1.385239e+02
1.456277e+02
1.527314e+02
1.598352e+02
1.669390e+02
1.740428e+02
1.811466e+02
1.882504e+02
1.953542e+02
2.024580e+02
2.095617e+02
2.166655e+02
2.237693e+02
2.308731e+02
2.379769e+02
2.450807e+02
2.521845e+02
2.592883e+02
2.663920e+02
2.734958e+02
2.805996e+02
2.877034e+02
2.948072e+02
3.019110e+02
3.090148e+02
3.161186e+02
3.232224e+02
3.303261e+02
3.374299e+02
3.445337e+02
3.516375e+02
3.587413e+02
3.658451e+02
3.729489e+02
3.800527e+02
3.871564e+02
3.942602e+02
4.013640e+02
4.084678e+02
4.155716e+02
4.226754e+02
4.297792e+02
4.368830e+02
4.439867e+02
4.510905e+02
4.581943e+02
4.652981e+02
4.724019e+02
4.795057e+02
4.866095e+02
4.937133e+02
5.008170e+02
5.079208e+02
5.150246e+02
5.221284e+02
5.292322e+02
5.363360e+02
5.434398e+02
5.505436e+02
5.576474e+02
5.647511e+02
5.718549e+02
5.789587e+02
5.860625e+02
5.931663e+02
6.002701e+02
6.073739e+02
6.144777e+02
6.215814e+02
6.286852e+02
6.357890e+02
