9.938034e-02
2.981410e-01
4.969017e-01
6.956624e-01
8.944230e-01
1.093184e+00
1.291944e+00
1.490705e+00
1.689466e+00
1.888226e+00
2.086987e+00
2.285748e+00
2.484508e+00
2.683269e+00
2.882030e+00
3.080790e+00
3.279551e+00
3.478312e+00
3.677072e+00
3.875833e+00
4.074594e+00
4.273354e+00
4.472115e+00
4.670876e+00
4.869637e+00
5.068397e+00
5.267158e+00
5.465919e+00
5.664679e+00
5.863440e+00
6.062201e+00
6.260961e+00
6.459722e+00
6.658483e+00
6.857243e+00
7.056004e+00
7.254765e+00
7.453525e+00
7.652286e+00
7.851047e+00
8.049807e+00
8.248568e+00
8.447329e+00
8.646089e+00
8.844850e+00
9.043611e+00
9.242371e+00
9.441132e+00
9.639893e+00
9.838653e+00
1.003741e+01
1.023617e+01
1.043494e+01
1.063370e+01
1.083246e+01
1.103122e+01
1.122998e+01
1.142874e+01
1.162750e+01
1.182626e+01
1.202502e+01
1.222378e+01
1.242254e+01
1.262130e+01
1.282006e+01
1.301882e+01
1.321758e+01
1.341635e+01
1.361511e+01
1.381387e+01
1.401263e+01
1.421139e+01
1.441015e+01
1.460891e+01
1.480767e+01
1.500643e+01
1.520519e+01
1.540395e+01
1.560271e+01
1.580147e+01
1.600023e+01
1.619899e+01
1.639776e+01
1.659652e+01
1.679528e+01
1.699404e+01
1.719280e+01
1.739156e+01
1.759032e+01
1.778908e+01
