1.776852e+00
5.330557e+00
8.884262e+00
1.243797e+01
1.599167e+01
1.954538e+01
2.309908e+01
2.665279e+01
3.020649e+01
3.376020e+01
3.731390e+01
4.086761e+01
4.442131e+01
4.797502e+01
5.152872e+01
5.508243e+01
5.863613e+01
6.218983e+01
6.574354e+01
6.929724e+01
7.285095e+01
7.640465e+01
7.995836e+01
8.351206e+01
8.706577e+01
9.061947e+01
9.417318e+01
9.772688e+01
1.012806e+02
1.048343e+02
1.083880e+02
1.119417e+02
1.154954e+02
1.190491e+02
1.226028e+02
1.261565e+02
1.297102e+02
1.332639e+02
1.368176e+02
1.403713e+02
1.439250e+02
1.474788e+02
1.510325e+02
1.545862e+02
1.581399e+02
1.616936e+02
1.652473e+02
1.688010e+02
1.723547e+02
1.759084e+02
1.794621e+02
1.830158e+02
1.865695e+02
1.901232e+02
1.936769e+02
1.972306e+02
2.007843e+02
2.043380e+02
2.078917e+02
2.114454e+02
2.149991e+02
2.185528e+02
2.221066e+02
2.256603e+02
2.292140e+02
2.327677e+02
2.363214e+02
2.398751e+02
2.434288e+02
2.469825e+02
2.505362e+02
2.540899e+02
2.576436e+02
2.611973e+02
2.647510e+02
2.683047e+02
2.718584e+02
2.754121e+02
2.789658e+02
2.825195e+02
2.860732e+02
2.896269e+02
2.931806e+02
2.967344e+02
3.002881e+02
3.038418e+02
3.073955e+02
3.109492e+02
3.145029e+02
3.180566e+02
