2.697944e+00
8.093833e+00
1.348972e+01
1.888561e+01
2.428150e+01
2.967739e+01
3.507327e+01
4.046916e+01
4.586505e+01
5.126094e+01
5.665683e+01
6.205272e+01
6.744861e+01
7.284449e+01
7.824038e+01
8.363627e+01
8.903216e+01
9.442805e+01
9.982394e+01
1.052198e+02
1.106157e+02
1.160116e+02
1.214075e+02
1.268034e+02
1.321993e+02
1.375952e+02
1.429910e+02
1.483869e+02
1.537828e+02
1.591787e+02
1.645746e+02
1.699705e+02
1.753664e+02
1.807623e+02
1.861582e+02
1.915540e+02
1.969499e+02
2.023458e+02
2.077417e+02
2.131376e+02
2.185335e+02
2.239294e+02
2.293253e+02
2.347211e+02
2.401170e+02
2.455129e+02
2.509088e+02
2.563047e+02
2.617006e+02
2.670965e+02
2.724924e+02
2.778883e+02
2.832841e+02
2.886800e+02
2.940759e+02
2.994718e+02
3.048677e+02
3.102636e+02
3.156595e+02
3.210554e+02
3.264513e+02
3.318471e+02
3.372430e+02
3.426389e+02
3.480348e+02
3.534307e+02
3.588266e+02
3.642225e+02
3.696184e+02
3.750142e+02
3.804101e+02
3.858060e+02
3.912019e+02
3.965978e+02
4.019937e+02
4.073896e+02
4.127855e+02
4.181814e+02
4.235772e+02
4.289731e+02
4.343690e+02
4.397649e+02
4.451608e+02
4.505567e+02
4.559526e+02
4.613485e+02
4.667444e+02
4.721402e+02
4.775361e+02
4.829320e+02
