2.393547e-01
7.180641e-01
1.196773e+00
1.675483e+00
2.154192e+00
2.632902e+00
3.111611e+00
3.590320e+00
4.069030e+00
4.547739e+00
5.026448e+00
5.505158e+00
5.983867e+00
6.462577e+00
6.941286e+00
7.419995e+00
7.898705e+00
8.377414e+00
8.856123e+00
9.334833e+00
9.813542e+00
1.029225e+01
1.077096e+01
1.124967e+01
1.172838e+01
1.220709e+01
1.268580e+01
1.316451e+01
1.364322e+01
1.412193e+01
1.460064e+01
1.507935e+01
1.555805e+01
1.603676e+01
1.651547e+01
1.699418e+01
1.747289e+01
1.795160e+01
1.843031e+01
1.890902e+01
1.938773e+01
1.986644e+01
2.034515e+01
2.082386e+01
2.130257e+01
2.178128e+01
2.225999e+01
2.273870e+01
2.321740e+01
2.369611e+01
2.417482e+01
2.465353e+01
2.513224e+01
2.561095e+01
2.608966e+01
2.656837e+01
2.704708e+01
2.752579e+01
2.800450e+01
2.848321e+01
2.896192e+01
2.944063e+01
2.991934e+01
3.039805e+01
3.087675e+01
3.135546e+01
3.183417e+01
3.231288e+01
3.279159e+01
3.327030e+01
3.374901e+01
3.422772e+01
3.470643e+01
3.518514e+01
3.566385e+01
3.614256e+01
3.662127e+01
3.709998e+01
3.757869e+01
3.805740e+01
3.853610e+01
3.901481e+01
3.949352e+01
3.997223e+01
4.045094e+01
4.092965e+01
4.140836e+01
4.188707e+01
4.236578e+01
4.284449e+01
