4.766940e+00
1.430082e+01
2.383470e+01
3.336858e+01
4.290246e+01
5.243634e+01
6.197022e+01
7.150410e+01
8.103798e+01
9.057186e+01
1.001057e+02
1.096396e+02
1.191735e+02
1.287074e+02
1.382413e+02
1.477751e+02
1.573090e+02
1.668429e+02
1.763768e+02
1.859106e+02
1.954445e+02
2.049784e+02
2.145123e+02
2.240462e+02
2.335800e+02
2.431139e+02
2.526478e+02
2.621817e+02
2.717156e+02
2.812494e+02
2.907833e+02
3.003172e+02
3.098511e+02
3.193850e+02
3.289188e+02
3.384527e+02
3.479866e+02
3.575205e+02
3.670544e+02
3.765882e+02
3.861221e+02
3.956560e+02
4.051899e+02
4.147238e+02
4.242576e+02
4.337915e+02
4.433254e+02
4.528593e+02
4.623932e+02
4.719270e+02
4.814609e+02
4.909948e+02
5.005287e+02
5.100626e+02
5.195964e+02
5.291303e+02
5.386642e+02
5.481981e+02
5.577319e+02
5.672658e+02
5.767997e+02
5.863336e+02
5.958675e+02
6.054013e+02
6.149352e+02
6.244691e+02
6.340030e+02
6.435369e+02
6.530707e+02
6.626046e+02
6.721385e+02
6.816724e+02
6.912063e+02
7.007401e+02
7.102740e+02
7.198079e+02
7.293418e+02
7.388757e+02
7.484095e+02
7.579434e+02
7.674773e+02
7.770112e+02
7.865451e+02
7.960789e+02
8.056128e+02
8.151467e+02
8.246806e+02
8.342145e+02
8.437483e+02
8.532822e+02
