1.916321e+00
5.748962e+00
9.581603e+00
1.341424e+01
1.724688e+01
2.107953e+01
2.491217e+01
2.874481e+01
3.257745e+01
3.641009e+01
4.024273e+01
4.407537e+01
4.790801e+01
5.174065e+01
5.557330e+01
5.940594e+01
6.323858e+01
6.707122e+01
7.090386e+01
7.473650e+01
7.856914e+01
8.240178e+01
8.623442e+01
9.006706e+01
9.389971e+01
9.773235e+01
1.015650e+02
1.053976e+02
1.092303e+02
1.130629e+02
1.168956e+02
1.207282e+02
1.245608e+02
1.283935e+02
1.322261e+02
1.360588e+02
1.398914e+02
1.437240e+02
1.475567e+02
1.513893e+02
1.552220e+02
1.590546e+02
1.628872e+02
1.667199e+02
1.705525e+02
1.743852e+02
1.782178e+02
1.820504e+02
1.858831e+02
1.897157e+02
1.935484e+02
1.973810e+02
2.012137e+02
2.050463e+02
2.088789e+02
2.127116e+02
2.165442e+02
2.203769e+02
2.242095e+02
2.280421e+02
2.318748e+02
2.357074e+02
2.395401e+02
2.433727e+02
2.472053e+02
2.510380e+02
2.548706e+02
2.587033e+02
2.625359e+02
2.663686e+02
2.702012e+02
2.740338e+02
2.778665e+02
2.816991e+02
2.855318e+02
2.893644e+02
2.931970e+02
2.970297e+02
3.008623e+02
3.046950e+02
3.085276e+02
3.123602e+02
3.161929e+02
3.200255e+02
3.238582e+02
3.276908e+02
3.315235e+02
3.353561e+02
3.391887e+02
3.430214e+02
