4.122817e-02
1.236845e-01
2.061408e-01
2.885972e-01
3.710535e-01
4.535099e-01
5.359662e-01
6.184225e-01
7.008789e-01
7.833352e-01
8.657915e-01
9.482479e-01
1.030704e+00
1.113161e+00
1.195617e+00
1.278073e+00
1.360530e+00
1.442986e+00
1.525442e+00
1.607899e+00
1.690355e+00
1.772811e+00
1.855268e+00
1.937724e+00
2.020180e+00
2.102637e+00
2.185093e+00
2.267549e+00
2.350006e+00
2.432462e+00
2.514918e+00
2.597375e+00
2.679831e+00
2.762287e+00
2.844744e+00
2.927200e+00
3.009656e+00
3.092113e+00
3.174569e+00
3.257025e+00
3.339482e+00
3.421938e+00
3.504394e+00
3.586851e+00
3.669307e+00
3.751763e+00
3.834220e+00
3.916676e+00
3.999132e+00
4.081589e+00
4.164045e+00
4.246501e+00
4.328958e+00
4.411414e+00
4.493870e+00
4.576327e+00
4.658783e+00
4.741239e+00
4.823696e+00
4.906152e+00
4.988608e+00
5.071065e+00
5.153521e+00
5.235977e+00
5.318434e+00
5.400890e+00
5.483346e+00
5.565803e+00
5.648259e+00
5.730715e+00
5.813172e+00
5.895628e+00
5.978084e+00
6.060541e+00
6.142997e+00
6.225453e+00
6.307910e+00
6.390366e+00
6.472822e+00
6.555279e+00
6.637735e+00
6.720191e+00
6.802648e+00
6.885104e+00
6.967560e+00
7.050017e+00
7.132473e+00
7.214929e+00
7.297386e+00
7.379842e+00
