1.653182e+00
4.959546e+00
8.265909e+00
1.157227e+01
1.487864e+01
1.818500e+01
2.149136e+01
2.479773e+01
2.810409e+01
3.141046e+01
3.471682e+01
3.802318e+01
4.132955e+01
4.463591e+01
4.794227e+01
5.124864e+01
5.455500e+01
5.786137e+01
6.116773e+01
6.447409e+01
6.778046e+01
7.108682e+01
7.439318e+01
7.769955e+01
8.100591e+01
8.431228e+01
8.761864e+01
9.092500e+01
9.423137e+01
9.753773e+01
1.008441e+02
1.041505e+02
1.074568e+02
1.107632e+02
1.140695e+02
1.173759e+02
1.206823e+02
1.239886e+02
1.272950e+02
1.306014e+02
1.339077e+02
1.372141e+02
1.405205e+02
1.438268e+02
1.471332e+02
1.504396e+02
1.537459e+02
1.570523e+02
1.603586e+02
1.636650e+02
1.669714e+02
1.702777e+02
1.735841e+02
1.768905e+02
1.801968e+02
1.835032e+02
1.868096e+02
1.901159e+02
1.934223e+02
1.967286e+02
2.000350e+02
2.033414e+02
2.066477e+02
2.099541e+02
2.132605e+02
2.165668e+02
2.198732e+02
2.231796e+02
2.264859e+02
2.297923e+02
2.330986e+02
2.364050e+02
2.397114e+02
2.430177e+02
2.463241e+02
2.496305e+02
2.529368e+02
2.562432e+02
2.595496e+02
2.628559e+02
2.661623e+02
2.694686e+02
2.727750e+02
2.760814e+02
2.793877e+02
2.826941e+02
2.860005e+02
2.893068e+02
2.926132e+02
2.959196e+02
