2.072862e+00
6.218585e+00
1.036431e+01
1.451003e+01
1.865576e+01
2.280148e+01
2.694720e+01
3.109293e+01
3.523865e+01
3.938437e+01
4.353010e+01
4.767582e+01
5.182154e+01
5.596727e+01
6.011299e+01
6.425871e+01
6.840444e+01
7.255016e+01
7.669588e+01
8.084161e+01
8.498733e+01
8.913305e+01
9.327878e+01
9.742450e+01
1.015702e+02
1.057159e+02
1.098617e+02
1.140074e+02
1.181531e+02
1.222988e+02
1.264446e+02
1.305903e+02
1.347360e+02
1.388817e+02
1.430275e+02
1.471732e+02
1.513189e+02
1.554646e+02
1.596104e+02
1.637561e+02
1.679018e+02
1.720475e+02
1.761932e+02
1.803390e+02
1.844847e+02
1.886304e+02
1.927761e+02
1.969219e+02
2.010676e+02
2.052133e+02
2.093590e+02
2.135048e+02
2.176505e+02
2.217962e+02
2.259419e+02
2.300876e+02
2.342334e+02
2.383791e+02
2.425248e+02
2.466705e+02
2.508163e+02
2.549620e+02
2.591077e+02
2.632534e+02
2.673992e+02
2.715449e+02
2.756906e+02
2.798363e+02
2.839821e+02
2.881278e+02
2.922735e+02
2.964192e+02
3.005649e+02
3.047107e+02
3.088564e+02
3.130021e+02
3.171478e+02
3.212936e+02
3.254393e+02
3.295850e+02
3.337307e+02
3.378765e+02
3.420222e+02
3.461679e+02
3.503136e+02
3.544593e+02
3.586051e+02
3.627508e+02
3.668965e+02
3.710422e+02
