1.949202e-01
5.847607e-01
9.746012e-01
1.364442e+00
1.754282e+00
2.144123e+00
2.533963e+00
2.923803e+00
3.313644e+00
3.703484e+00
4.093325e+00
4.483165e+00
4.873006e+00
5.262846e+00
5.652687e+00
6.042527e+00
6.432368e+00
6.822208e+00
7.212049e+00
7.601889e+00
7.991730e+00
8.381570e+00
8.771410e+00
9.161251e+00
9.551091e+00
9.940932e+00
1.033077e+01
1.072061e+01
1.111045e+01
1.150029e+01
1.189013e+01
1.227997e+01
1.266982e+01
1.305966e+01
1.344950e+01
1.383934e+01
1.422918e+01
1.461902e+01
1.500886e+01
1.539870e+01
1.578854e+01
1.617838e+01
1.656822e+01
1.695806e+01
1.734790e+01
1.773774e+01
1.812758e+01
1.851742e+01
1.890726e+01
1.929710e+01
1.968694e+01
2.007678e+01
2.046662e+01
2.085646e+01
2.124631e+01
2.163615e+01
2.202599e+01
2.241583e+01
2.280567e+01
2.319551e+01
2.358535e+01
2.397519e+01
2.436503e+01
2.475487e+01
2.514471e+01
2.553455e+01
2.592439e+01
2.631423e+01
2.670407e+01
2.709391e+01
2.748375e+01
2.787359e+01
2.826343e+01
2.865327e+01
2.904311e+01
2.943296e+01
2.982280e+01
3.021264e+01
3.060248e+01
3.099232e+01
3.138216e+01
3.177200e+01
3.216184e+01
3.255168e+01
3.294152e+01
3.333136e+01
3.372120e+01
3.411104e+01
3.450088e+01
3.489072e+01
