2.251309e+00
6.753928e+00
1.125655e+01
1.575917e+01
2.026178e+01
2.476440e+01
2.926702e+01
3.376964e+01
3.827226e+01
4.277488e+01
4.727750e+01
5.178011e+01
5.628273e+01
6.078535e+01
6.528797e+01
6.979059e+01
7.429321e+01
7.879583e+01
8.329844e+01
8.780106e+01
9.230368e+01
9.680630e+01
1.013089e+02
1.058115e+02
1.103142e+02
1.148168e+02
1.193194e+02
1.238220e+02
1.283246e+02
1.328272e+02
1.373299e+02
1.418325e+02
1.463351e+02
1.508377e+02
1.553403e+02
1.598430e+02
1.643456e+02
1.688482e+02
1.733508e+02
1.778534e+02
1.823561e+02
1.868587e+02
1.913613e+02
1.958639e+02
2.003665e+02
2.048691e+02
2.093718e+02
2.138744e+02
2.183770e+02
2.228796e+02
2.273822e+02
2.318849e+02
2.363875e+02
2.408901e+02
2.453927e+02
2.498953e+02
2.543980e+02
2.589006e+02
2.634032e+02
2.679058e+02
2.724084e+02
2.769110e+02
2.814137e+02
2.859163e+02
2.904189e+02
2.949215e+02
2.994241e+02
3.039268e+02
3.084294e+02
3.129320e+02
3.174346e+02
3.219372e+02
3.264398e+02
3.309425e+02
3.354451e+02
3.399477e+02
3.444503e+02
3.489529e+02
3.534556e+02
3.579582e+02
3.624608e+02
3.669634e+02
3.714660e+02
3.759687e+02
3.804713e+02
3.849739e+02
3.894765e+02
3.939791e+02
3.984817e+02
4.029844e+02
