2.455730e+00
7.367191e+00
1.227865e+01
1.719011e+01
2.210157e+01
2.701303e+01
3.192449e+01
3.683595e+01
4.174741e+01
4.665887e+01
5.157034e+01
5.648180e+01
6.139326e+01
6.630472e+01
7.121618e+01
7.612764e+01
8.103910e+01
8.595056e+01
9.086202e+01
9.577348e+01
1.006849e+02
1.055964e+02
1.105079e+02
1.154193e+02
1.203308e+02
1.252422e+02
1.301537e+02
1.350652e+02
1.399766e+02
1.448881e+02
1.497995e+02
1.547110e+02
1.596225e+02
1.645339e+02
1.694454e+02
1.743568e+02
1.792683e+02
1.841798e+02
1.890912e+02
1.940027e+02
1.989142e+02
2.038256e+02
2.087371e+02
2.136485e+02
2.185600e+02
2.234715e+02
2.283829e+02
2.332944e+02
2.382058e+02
2.431173e+02
2.480288e+02
2.529402e+02
2.578517e+02
2.627631e+02
2.676746e+02
2.725861e+02
2.774975e+02
2.824090e+02
2.873204e+02
2.922319e+02
2.971434e+02
3.020548e+02
3.069663e+02
3.118777e+02
3.167892e+02
3.217007e+02
3.266121e+02
3.315236e+02
3.364350e+02
3.413465e+02
3.462580e+02
3.511694e+02
3.560809e+02
3.609923e+02
3.659038e+02
3.708153e+02
3.757267e+02
3.806382e+02
3.855497e+02
3.904611e+02
3.953726e+02
4.002840e+02
4.051955e+02
4.101070e+02
4.150184e+02
4.199299e+02
4.248413e+02
4.297528e+02
4.346643e+02
4.395757e+02
