4.425090e+00
1.327527e+01
2.212545e+01
3.097563e+01
3.982581e+01
4.867599e+01
5.752617e+01
6.637635e+01
7.522653e+01
8.407671e+01
9.292689e+01
1.017771e+02
1.106273e+02
1.194774e+02
1.283276e+02
1.371778e+02
1.460280e+02
1.548782e+02
1.637283e+02
1.725785e+02
1.814287e+02
1.902789e+02
1.991291e+02
2.079792e+02
2.168294e+02
2.256796e+02
2.345298e+02
2.433800e+02
2.522301e+02
2.610803e+02
2.699305e+02
2.787807e+02
2.876309e+02
2.964810e+02
3.053312e+02
3.141814e+02
3.230316e+02
3.318818e+02
3.407319e+02
3.495821e+02
3.584323e+02
3.672825e+02
3.761327e+02
3.849828e+02
3.938330e+02
4.026832e+02
4.115334e+02
4.203836e+02
4.292338e+02
4.380839e+02
4.469341e+02
4.557843e+02
4.646345e+02
4.734847e+02
4.823348e+02
4.911850e+02
5.000352e+02
5.088854e+02
5.177356e+02
5.265857e+02
5.354359e+02
5.442861e+02
5.531363e+02
5.619865e+02
5.708366e+02
5.796868e+02
5.885370e+02
5.973872e+02
6.062374e+02
6.150875e+02
6.239377e+02
6.327879e+02
6.416381e+02
6.504883e+02
6.593384e+02
6.681886e+02
6.770388e+02
6.858890e+02
6.947392e+02
7.035893e+02
7.124395e+02
7.212897e+02
7.301399e+02
7.389901e+02
7.478402e+02
7.566904e+02
7.655406e+02
7.743908e+02
7.832410e+02
7.920911e+02
