2.992116e-01
8.976347e-01
1.496058e+00
2.094481e+00
2.692904e+00
3.291327e+00
3.889750e+00
4.488174e+00
5.086597e+00
5.685020e+00
6.283443e+00
6.881866e+00
7.480289e+00
8.078712e+00
8.677136e+00
9.275559e+00
9.873982e+00
1.047240e+01
1.107083e+01
1.166925e+01
1.226767e+01
1.286610e+01
1.346452e+01
1.406294e+01
1.466137e+01
1.525979e+01
1.585821e+01
1.645664e+01
1.705506e+01
1.765348e+01
1.825191e+01
1.885033e+01
1.944875e+01
2.004718e+01
2.064560e+01
2.124402e+01
2.184244e+01
2.244087e+01
2.303929e+01
2.363771e+01
2.423614e+01
2.483456e+01
2.543298e+01
2.603141e+01
2.662983e+01
2.722825e+01
2.782668e+01
2.842510e+01
2.902352e+01
2.962195e+01
3.022037e+01
3.081879e+01
3.141721e+01
3.201564e+01
3.261406e+01
3.321248e+01
3.381091e+01
3.440933e+01
3.500775e+01
3.560618e+01
3.620460e+01
3.680302e+01
3.740145e+01
3.799987e+01
3.859829e+01
3.919672e+01
3.979514e+01
4.039356e+01
4.099198e+01
4.159041e+01
4.218883e+01
4.278725e+01
4.338568e+01
4.398410e+01
4.458252e+01
4.518095e+01
4.577937e+01
4.637779e+01
4.697622e+01
4.757464e+01
4.817306e+01
4.877149e+01
4.936991e+01
4.996833e+01
5.056676e+01
5.116518e+01
5.176360e+01
5.236202e+01
5.296045e+01
5.355887e+01
