4.287222e+00
1.286167e+01
2.143611e+01
3.001056e+01
3.858500e+01
4.715945e+01
5.573389e+01
6.430834e+01
7.288278e+01
8.145723e+01
9.003167e+01
9.860612e+01
1.071806e+02
1.157550e+02
1.243295e+02
1.329039e+02
1.414783e+02
1.500528e+02
1.586272e+02
1.672017e+02
1.757761e+02
1.843506e+02
1.929250e+02
2.014995e+02
2.100739e+02
2.186483e+02
2.272228e+02
2.357972e+02
2.443717e+02
2.529461e+02
2.615206e+02
2.700950e+02
2.786695e+02
2.872439e+02
2.958183e+02
3.043928e+02
3.129672e+02
3.215417e+02
3.301161e+02
3.386906e+02
3.472650e+02
3.558395e+02
3.644139e+02
3.729884e+02
3.815628e+02
3.901372e+02
3.987117e+02
4.072861e+02
4.158606e+02
4.244350e+02
4.330095e+02
4.415839e+02
4.501584e+02
4.587328e+02
4.673072e+02
4.758817e+02
4.844561e+02
4.930306e+02
5.016050e+02
5.101795e+02
5.187539e+02
5.273284e+02
5.359028e+02
5.444773e+02
5.530517e+02
5.616261e+02
5.702006e+02
5.787750e+02
5.873495e+02
5.959239e+02
6.044984e+02
6.130728e+02
6.216473e+02
6.302217e+02
6.387961e+02
6.473706e+02
6.559450e+02
6.645195e+02
6.730939e+02
6.816684e+02
6.902428e+02
6.988173e+02
7.073917e+02
7.159662e+02
7.245406e+02
7.331150e+02
7.416895e+02
7.502639e+02
7.588384e+02
7.674128e+02
