3.306557e+00
9.919672e+00
1.653279e+01
2.314590e+01
2.975902e+01
3.637213e+01
4.298525e+01
4.959836e+01
5.621147e+01
6.282459e+01
6.943770e+01
7.605082e+01
8.266393e+01
8.927705e+01
9.589016e+01
1.025033e+02
1.091164e+02
1.157295e+02
1.223426e+02
1.289557e+02
1.355689e+02
1.421820e+02
1.487951e+02
1.554082e+02
1.620213e+02
1.686344e+02
1.752475e+02
1.818607e+02
1.884738e+02
1.950869e+02
2.017000e+02
2.083131e+02
2.149262e+02
2.215393e+02
2.281525e+02
2.347656e+02
2.413787e+02
2.479918e+02
2.546049e+02
2.612180e+02
2.678311e+02
2.744443e+02
2.810574e+02
2.876705e+02
2.942836e+02
3.008967e+02
3.075098e+02
3.141229e+02
3.207361e+02
3.273492e+02
3.339623e+02
3.405754e+02
3.471885e+02
3.538016e+02
3.604147e+02
3.670279e+02
3.736410e+02
3.802541e+02
3.868672e+02
3.934803e+02
4.000934e+02
4.067066e+02
4.133197e+02
4.199328e+02
4.265459e+02
4.331590e+02
4.397721e+02
4.463852e+02
4.529984e+02
4.596115e+02
4.662246e+02
4.728377e+02
4.794508e+02
4.860639e+02
4.926770e+02
4.992902e+02
5.059033e+02
5.125164e+02
5.191295e+02
5.257426e+02
5.323557e+02
5.389688e+02
5.455820e+02
5.521951e+02
5.588082e+02
5.654213e+02
5.720344e+02
5.786475e+02
5.852606e+02
5.918738e+02
