4.738705e+00
1.421611e+01
2.369352e+01
3.317093e+01
4.264834e+01
5.212575e+01
6.160316e+01
7.108057e+01
8.055798e+01
9.003539e+01
9.951280e+01
1.089902e+02
1.184676e+02
1.279450e+02
1.374224e+02
1.468998e+02
1.563773e+02
1.658547e+02
1.753321e+02
1.848095e+02
1.942869e+02
2.037643e+02
2.132417e+02
2.227191e+02
2.321965e+02
2.416739e+02
2.511514e+02
2.606288e+02
2.701062e+02
2.795836e+02
2.890610e+02
2.985384e+02
3.080158e+02
3.174932e+02
3.269706e+02
3.364480e+02
3.459254e+02
3.554029e+02
3.648803e+02
3.743577e+02
3.838351e+02
3.933125e+02
4.027899e+02
4.122673e+02
4.217447e+02
4.312221e+02
4.406995e+02
4.501769e+02
4.596544e+02
4.691318e+02
4.786092e+02
4.880866e+02
4.975640e+02
5.070414e+02
5.165188e+02
5.259962e+02
5.354736e+02
5.449510e+02
5.544285e+02
5.639059e+02
5.733833e+02
5.828607e+02
5.923381e+02
6.018155e+02
6.112929e+02
6.207703e+02
6.302477e+02
6.397251e+02
6.492025e+02
6.586800e+02
6.681574e+02
6.776348e+02
6.871122e+02
6.965896e+02
7.060670e+02
7.155444e+02
7.250218e+02
7.344992e+02
7.439766e+02
7.534541e+02
7.629315e+02
7.724089e+02
7.818863e+02
7.913637e+02
8.008411e+02
8.103185e+02
8.197959e+02
8.292733e+02
8.387507e+02
8.482281e+02
