1.802633e-01
5.407898e-01
9.013163e-01
1.261843e+00
1.622369e+00
1.982896e+00
2.343422e+00
2.703949e+00
3.064475e+00
3.425002e+00
3.785529e+00
4.146055e+00
4.506582e+00
4.867108e+00
5.227635e+00
5.588161e+00
5.948688e+00
6.309214e+00
6.669741e+00
7.030267e+00
7.390794e+00
7.751320e+00
8.111847e+00
8.472373e+00
8.832900e+00
9.193426e+00
9.553953e+00
9.914479e+00
1.027501e+01
1.063553e+01
1.099606e+01
1.135659e+01
1.171711e+01
1.207764e+01
1.243817e+01
1.279869e+01
1.315922e+01
1.351974e+01
1.388027e+01
1.424080e+01
1.460132e+01
1.496185e+01
1.532238e+01
1.568290e+01
1.604343e+01
1.640396e+01
1.676448e+01
1.712501e+01
1.748554e+01
1.784606e+01
1.820659e+01
1.856712e+01
1.892764e+01
1.928817e+01
1.964870e+01
2.000922e+01
2.036975e+01
2.073028e+01
2.109080e+01
2.145133e+01
2.181185e+01
2.217238e+01
2.253291e+01
2.289343e+01
2.325396e+01
2.361449e+01
2.397501e+01
2.433554e+01
2.469607e+01
2.505659e+01
2.541712e+01
2.577765e+01
2.613817e+01
2.649870e+01
2.685923e+01
2.721975e+01
2.758028e+01
2.794081e+01
2.830133e+01
2.866186e+01
2.902239e+01
2.938291e+01
2.974344e+01
3.010396e+01
3.046449e+01
3.082502e+01
3.118554e+01
3.154607e+01
3.190660e+01
3.226712e+01
