4.579292e+00
1.373788e+01
2.289646e+01
3.205504e+01
4.121363e+01
5.037221e+01
5.953079e+01
6.868938e+01
7.784796e+01
8.700654e+01
9.616513e+01
1.053237e+02
1.144823e+02
1.236409e+02
1.327995e+02
1.419580e+02
1.511166e+02
1.602752e+02
1.694338e+02
1.785924e+02
1.877510e+02
1.969095e+02
2.060681e+02
2.152267e+02
2.243853e+02
2.335439e+02
2.427025e+02
2.518610e+02
2.610196e+02
2.701782e+02
2.793368e+02
2.884954e+02
2.976540e+02
3.068125e+02
3.159711e+02
3.251297e+02
3.342883e+02
3.434469e+02
3.526055e+02
3.617640e+02
3.709226e+02
3.800812e+02
3.892398e+02
3.983984e+02
4.075570e+02
4.167155e+02
4.258741e+02
4.350327e+02
4.441913e+02
4.533499e+02
4.625085e+02
4.716670e+02
4.808256e+02
4.899842e+02
4.991428e+02
5.083014e+02
5.174600e+02
5.266185e+02
5.357771e+02
5.449357e+02
5.540943e+02
5.632529e+02
5.724115e+02
5.815700e+02
5.907286e+02
5.998872e+02
6.090458e+02
6.182044e+02
6.273630e+02
6.365215e+02
6.456801e+02
6.548387e+02
6.639973e+02
6.731559e+02
6.823145e+02
6.914730e+02
7.006316e+02
7.097902e+02
7.189488e+02
7.281074e+02
7.372660e+02
7.464246e+02
7.555831e+02
7.647417e+02
7.739003e+02
7.830589e+02
7.922175e+02
8.013761e+02
8.105346e+02
8.196932e+02
