1.537284e+00
4.611851e+00
7.686419e+00
1.076099e+01
1.383555e+01
1.691012e+01
1.998469e+01
2.305926e+01
2.613382e+01
2.920839e+01
3.228296e+01
3.535753e+01
3.843210e+01
4.150666e+01
4.458123e+01
4.765580e+01
5.073037e+01
5.380493e+01
5.687950e+01
5.995407e+01
6.302864e+01
6.610320e+01
6.917777e+01
7.225234e+01
7.532691e+01
7.840147e+01
8.147604e+01
8.455061e+01
8.762518e+01
9.069975e+01
9.377431e+01
9.684888e+01
9.992345e+01
1.029980e+02
1.060726e+02
1.091472e+02
1.122217e+02
1.152963e+02
1.183709e+02
1.214454e+02
1.245200e+02
1.275946e+02
1.306691e+02
1.337437e+02
1.368183e+02
1.398928e+02
1.429674e+02
1.460420e+02
1.491165e+02
1.521911e+02
1.552657e+02
1.583402e+02
1.614148e+02
1.644894e+02
1.675639e+02
1.706385e+02
1.737131e+02
1.767876e+02
1.798622e+02
1.829368e+02
1.860113e+02
1.890859e+02
1.921605e+02
1.952350e+02
1.983096e+02
2.013842e+02
2.044587e+02
2.075333e+02
2.106079e+02
2.136825e+02
2.167570e+02
2.198316e+02
2.229062e+02
2.259807e+02
2.290553e+02
2.321299e+02
2.352044e+02
2.382790e+02
2.413536e+02
2.444281e+02
2.475027e+02
2.505773e+02
2.536518e+02
2.567264e+02
2.598010e+02
2.628755e+02
2.659501e+02
2.690247e+02
2.720992e+02
2.751738e+02
