1.624194e-01
4.872581e-01
8.120968e-01
1.136936e+00
1.461774e+00
1.786613e+00
2.111452e+00
2.436290e+00
2.761129e+00
3.085968e+00
3.410807e+00
3.735645e+00
4.060484e+00
4.385323e+00
4.710161e+00
5.035000e+00
5.359839e+00
5.684678e+00
6.009516e+00
6.334355e+00
6.659194e+00
6.984032e+00
7.308871e+00
7.633710e+00
7.958549e+00
8.283387e+00
8.608226e+00
8.933065e+00
9.257904e+00
9.582742e+00
9.907581e+00
1.023242e+01
1.055726e+01
1.088210e+01
1.120694e+01
1.153177e+01
1.185661e+01
1.218145e+01
1.250629e+01
1.283113e+01
1.315597e+01
1.348081e+01
1.380565e+01
1.413048e+01
1.445532e+01
1.478016e+01
1.510500e+01
1.542984e+01
1.575468e+01
1.607952e+01
1.640436e+01
1.672919e+01
1.705403e+01
1.737887e+01
1.770371e+01
1.802855e+01
1.835339e+01
1.867823e+01
1.900307e+01
1.932790e+01
1.965274e+01
1.997758e+01
2.030242e+01
2.062726e+01
2.095210e+01
2.127694e+01
2.160177e+01
2.192661e+01
2.225145e+01
2.257629e+01
2.290113e+01
2.322597e+01
2.355081e+01
2.387565e+01
2.420048e+01
2.452532e+01
2.485016e+01
2.517500e+01
2.549984e+01
2.582468e+01
2.614952e+01
2.647436e+01
2.679919e+01
2.712403e+01
2.744887e+01
2.777371e+01
2.809855e+01
2.842339e+01
2.874823e+01
2.907307e+01
