4.635112e-01
1.390534e+00
2.317556e+00
3.244579e+00
4.171601e+00
5.098624e+00
6.025646e+00
6.952669e+00
7.879691e+00
8.806714e+00
9.733736e+00
1.066076e+01
1.158778e+01
1.251480e+01
1.344183e+01
1.436885e+01
1.529587e+01
1.622289e+01
1.714992e+01
1.807694e+01
1.900396e+01
1.993098e+01
2.085801e+01
2.178503e+01
2.271205e+01
2.363907e+01
2.456610e+01
2.549312e+01
2.642014e+01
2.734716e+01
2.827419e+01
2.920121e+01
3.012823e+01
3.105525e+01
3.198228e+01
3.290930e+01
3.383632e+01
3.476334e+01
3.569037e+01
3.661739e+01
3.754441e+01
3.847143e+01
3.939846e+01
4.032548e+01
4.125250e+01
4.217952e+01
4.310655e+01
4.403357e+01
4.496059e+01
4.588761e+01
4.681464e+01
4.774166e+01
4.866868e+01
4.959570e+01
5.052273e+01
5.144975e+01
5.237677e+01
5.330379e+01
5.423082e+01
5.515784e+01
5.608486e+01
5.701188e+01
5.793891e+01
5.886593e+01
5.979295e+01
6.071997e+01
6.164699e+01
6.257402e+01
6.350104e+01
6.442806e+01
6.535508e+01
6.628211e+01
6.720913e+01
6.813615e+01
6.906317e+01
6.999020e+01
7.091722e+01
7.184424e+01
7.277126e+01
7.369829e+01
7.462531e+01
7.555233e+01
7.647935e+01
7.740638e+01
7.833340e+01
7.926042e+01
8.018744e+01
8.111447e+01
8.204149e+01
8.296851e+01
