2.102469e-01
6.307406e-01
1.051234e+00
1.471728e+00
1.892222e+00
2.312716e+00
2.733209e+00
3.153703e+00
3.574197e+00
3.994691e+00
4.415184e+00
4.835678e+00
5.256172e+00
5.676666e+00
6.097159e+00
6.517653e+00
6.938147e+00
7.358641e+00
7.779134e+00
8.199628e+00
8.620122e+00
9.040616e+00
9.461109e+00
9.881603e+00
1.030210e+01
1.072259e+01
1.114308e+01
1.156358e+01
1.198407e+01
1.240457e+01
1.282506e+01
1.324555e+01
1.366605e+01
1.408654e+01
1.450703e+01
1.492753e+01
1.534802e+01
1.576852e+01
1.618901e+01
1.660950e+01
1.703000e+01
1.745049e+01
1.787098e+01
1.829148e+01
1.871197e+01
1.913247e+01
1.955296e+01
1.997345e+01
2.039395e+01
2.081444e+01
2.123493e+01
2.165543e+01
2.207592e+01
2.249642e+01
2.291691e+01
2.333740e+01
2.375790e+01
2.417839e+01
2.459888e+01
2.501938e+01
2.543987e+01
2.586037e+01
2.628086e+01
2.670135e+01
2.712185e+01
2.754234e+01
2.796283e+01
2.838333e+01
2.880382e+01
2.922432e+01
2.964481e+01
3.006530e+01
3.048580e+01
3.090629e+01
3.132678e+01
3.174728e+01
3.216777e+01
3.258827e+01
3.300876e+01
3.342925e+01
3.384975e+01
3.427024e+01
3.469073e+01
3.511123e+01
3.553172e+01
3.595222e+01
3.637271e+01
3.679320e+01
3.721370e+01
3.763419e+01
