-0.002775 -0.002414 -0.004800 9923.812324 418.744717 -5897.150417 4.000000
-0.000272 -0.006329 -0.000466 6351.155190 421.756663 -2127.975852 4.000000
-0.001031 -0.004097 -0.001779 9344.133874 2303.162918 -4159.433210 4.000000
-0.000194 -0.006088 -0.000334 8202.326947 1117.745050 -3272.822421 3.000000
-0.002653 -0.001925 -0.004572 7504.765855 2156.083449 -5760.627601 4.000000
-0.000265 -0.003836 -0.000451 6997.950690 3281.931746 -3927.286125 3.000000
-0.000020 -0.000000 -0.000032 3430.285864 5.739106 -3874.469585 3.000000
-0.000128 -0.001908 -0.000206 7726.617421 3781.566349 -4275.249192 4.000000
-0.002289 -0.002409 -0.003962 10520.564588 1361.469274 -5945.362708 4.000000
-0.000017 -0.000000 -0.000026 3092.862182 -4.909001 -3653.064820 3.000000
-0.000170 -0.003401 -0.000291 7757.251809 2618.909556 -3548.976733 4.000000
-0.002058 -0.002241 -0.003563 9964.983091 1433.392741 -6642.903005 4.000000
-0.003317 -0.003139 -0.005734 7538.923903 1512.159277 -5878.178402 4.000000
-0.004127 -0.001460 -0.007134 8857.485150 1405.370457 -6433.203205 4.000000
-0.001253 -0.001816 -0.002167 7869.907910 3352.797965 -6233.421433 4.000000
-0.002326 -0.003543 -0.004005 8259.298275 3501.583111 -5429.054502 4.000000
-0.000137 -0.001064 -0.000229 6343.987992 3840.746340 -4712.606449 4.000000
-0.000326 -0.002664 -0.000545 7747.638383 2512.432872 -3727.266538 3.000000
-0.001934 -0.006093 -0.003331 8139.696933 1470.384773 -4459.040044 4.000000
-0.001087 -0.002273 -0.001874 8911.570574 1798.971409 -4574.203222 5.000000
-0.000990 -0.002214 -0.001698 7072.719173 2713.546168 -5037.114004 4.000000
-0.002842 -0.003243 -0.004922 10069.738042 -1284.911802 -6735.258247 4.000000
-0.001400 -0.003059 -0.002406 7604.609672 1052.259035 -4507.533074 3.000000
-0.002984 -0.003425 -0.005163 8925.541645 -1496.697302 -5443.157954 4.000000
-0.000980 -0.004280 -0.001696 10185.140781 3047.568549 -5980.300410 5.000000
-0.002840 -0.001789 -0.004907 9231.103228 872.322980 -5217.475387 4.000000
-0.000255 -0.005642 -0.000428 6698.908727 2856.071687 -3454.523156 2.000000
-0.000185 -0.003221 -0.000313 7584.813031 2364.266800 -3339.287987 4.000000
-0.001561 -0.003236 -0.002686 7672.968376 2385.363908 -4865.706797 5.000000
0.000002 -0.002718 0.000008 7846.584088 2837.992810 -3286.130930 4.000000
-0.002232 -0.003115 -0.003847 7425.868337 876.059896 -4763.146877 5.000000
-0.000030 -0.000001 -0.000043 3435.444697 -31.013758 -3856.091896 4.000000
-0.001968 -0.001314 -0.003392 7822.807175 618.375226 -6635.725928 4.000000
-0.001809 -0.002819 -0.003113 8862.139423 -31.916949 -5015.061315 4.000000
-0.002363 -0.003860 -0.004077 7842.773748 642.118265 -4926.770912 4.000000
-0.002743 -0.003682 -0.004747 8926.161019 3405.422921 -7372.028316 4.000000
-0.001120 -0.003456 -0.001923 7955.656780 2550.082862 -4163.206118 5.000000
-0.001771 -0.003972 -0.003055 8438.556294 739.250718 -4317.808766 4.000000
-0.007606 -0.003154 -0.013174 8478.461313 -1730.086765 -6479.174274 4.000000
-0.005170 -0.003626 -0.008932 8542.466223 -59.606261 -5390.892714 4.000000
-0.000829 -0.004203 -0.001423 7045.248531 54.090324 -3536.593558 4.000000
-0.001169 -0.004407 -0.002007 8316.652810 1585.377896 -3960.076400 4.000000
-0.001125 -0.004503 -0.001942 8845.687402 3573.479552 -4609.457510 3.000000
-0.000173 -0.005808 -0.000295 8159.788440 1051.588087 -3059.747430 4.000000
-0.000224 -0.004643 -0.000380 6900.181602 3121.879662 -3864.484486 4.000000
-0.001595 -0.001160 -0.002745 8233.782541 3009.405858 -5638.354564 6.000000
-0.002974 -0.002488 -0.005140 9140.542417 1010.829591 -6597.486057 4.000000
-0.001527 -0.004754 -0.002639 8088.309559 913.957320 -3722.865212 4.000000
-0.001751 -0.002478 -0.003017 8535.321568 1402.723434 -4163.641718 5.000000
-0.000059 -0.002883 -0.000086 8876.665106 3032.884334 -4548.064788 4.000000
-0.000234 -0.005709 -0.000393 6818.886009 2232.776693 -3456.539930 5.000000
-0.000275 -0.002393 -0.000462 8842.301578 2675.042337 -5135.435061 4.000000
-0.001806 -0.002699 -0.003108 7755.275296 3874.678094 -5849.055148 4.000000
-0.000041 -0.002776 -0.000065 7858.885178 1293.618128 -3155.183926 5.000000
-0.000386 -0.002713 -0.000667 9520.399320 2590.084018 -4287.156424 4.000000
-0.000220 -0.003163 -0.000366 7761.242470 717.893581 -2806.019612 4.000000
-0.000228 -0.002393 -0.000392 7185.155938 3558.505662 -4395.291356 4.000000
-0.004708 -0.003185 -0.008135 7757.198406 2686.457107 -6777.608052 4.000000
-0.001209 -0.003125 -0.002084 9089.800745 2035.347904 -4098.041765 4.000000
-0.000235 -0.002874 -0.000408 8415.862156 1161.209638 -3518.425756 5.000000
-0.001615 -0.005027 -0.002786 8380.362284 2953.856182 -4566.712909 4.000000
-0.000148 -0.003326 -0.000244 7928.802248 401.174626 -2667.252022 4.000000
-0.003397 -0.001952 -0.005882 8930.771946 1052.805230 -6188.677792 3.000000
-0.000157 -0.003265 -0.000266 8065.498043 926.564102 -3043.726894 4.000000
-0.004017 -0.003550 -0.006947 9478.502482 245.695162 -6570.463973 4.000000
0.000025 -0.003385 0.000049 7774.763981 2903.575400 -3290.408673 4.000000
-0.000174 -0.003270 -0.000290 7960.857719 435.068943 -2791.581369 3.000000
-0.005477 -0.003622 -0.009463 8029.588057 2239.181180 -6080.014651 4.000000
-0.000083 -0.002472 -0.000142 9218.926973 2239.593336 -4556.577482 5.000000
-0.003352 -0.002249 -0.005803 9485.483291 1240.799957 -7023.172845 4.000000
-0.000305 -0.003056 -0.000516 6990.390340 2152.883784 -3457.725246 4.000000
-0.000201 -0.003255 -0.000333 7384.518236 519.385853 -2631.455366 5.000000
-0.002601 -0.003150 -0.004480 8252.668769 2344.031192 -6465.233713 6.000000
-0.001732 -0.003273 -0.002989 8255.764305 2156.463232 -4855.468340 4.000000
-0.000382 -0.003382 -0.000650 7587.089274 3026.491798 -4980.271732 4.000000
-0.000317 -0.002105 -0.000539 8029.349118 3193.487230 -4638.416286 3.000000
-0.001242 -0.002453 -0.002139 8213.355320 651.265286 -4887.037904 4.000000
-0.000039 -0.003115 -0.000057 7910.827986 893.488692 -2665.000920 3.000000
-0.000273 -0.002601 -0.000472 7815.486695 2539.167190 -3874.320023 4.000000
-0.002490 -0.003823 -0.004308 10327.621952 2121.937123 -5932.401520 4.000000
-0.001137 -0.003642 -0.001958 10294.390369 2525.184945 -5128.002769 4.000000
-0.003957 -0.002393 -0.006844 8667.515981 -1522.141130 -6821.233893 5.000000
-0.000066 -0.001959 -0.000100 6603.933384 2880.799480 -3426.364036 4.000000
-0.006933 -0.002644 -0.011989 8144.091824 -1380.739863 -7159.999734 4.000000
0.000016 -0.003080 0.000043 7475.250664 1669.445879 -2472.666803 5.000000
-0.000256 -0.003050 -0.000433 7649.865532 2185.572824 -3079.444519 4.000000
-0.003493 -0.004435 -0.006032 8664.222042 -246.238234 -5786.483921 4.000000
-0.000146 -0.002887 -0.000242 6887.568238 3262.361291 -3581.542365 5.000000
0.000001 -0.002745 0.000019 7306.195913 2158.076595 -2491.366217 4.000000
-0.000046 -0.002808 -0.000078 8445.748430 1636.880893 -3170.307268 4.000000
-0.003919 -0.002565 -0.006776 8417.357639 417.747477 -5282.114537 4.000000
-0.000895 -0.002273 -0.001535 8156.906786 2786.449924 -5777.127468 5.000000
-0.000077 -0.002967 -0.000122 7714.023695 1580.349123 -2955.153709 4.000000
-0.002160 -0.005043 -0.003728 8458.492347 202.285301 -4521.948083 4.000000
-0.000343 -0.001822 -0.000579 6461.837321 2930.334837 -3634.631153 5.000000
-0.001005 -0.003672 -0.001732 7154.073243 1910.177324 -3731.879588 3.000000
-0.001350 -0.001753 -0.002337 7068.928820 2035.059453 -4874.256455 3.000000
-0.004817 -0.004004 -0.008342 9052.328361 -887.273848 -6163.612479 4.000000
-0.003052 -0.004096 -0.005280 8971.523599 825.493128 -4945.818228 4.000000
-0.000463 -0.005283 -0.000795 5986.243426 -427.374016 -2361.783372 3.000000
-0.002047 -0.003814 -0.003522 8263.503846 2989.286747 -5014.573216 5.000000
-0.000194 -0.001820 -0.000334 7224.834833 3434.687183 -4357.766640 5.000000
-0.000230 -0.002084 -0.000384 6593.654399 2723.330567 -3437.195341 4.000000
0.000064 -0.005761 0.000117 6275.636017 211.686740 -1808.607531 3.000000
-0.002941 -0.002543 -0.005078 8407.097915 1676.732460 -6133.142998 4.000000
-0.000073 -0.003549 -0.000117 7262.973209 3167.948606 -3424.443090 4.000000
-0.000300 -0.002066 -0.000509 8040.905235 3276.833378 -4559.755622 4.000000
-0.000674 -0.001231 -0.001152 8544.410400 2035.508401 -5474.325821 4.000000
-0.002134 -0.003701 -0.003685 9026.503233 52.190008 -6223.802366 4.000000
-0.004607 -0.002732 -0.007956 7847.344593 979.352776 -5381.397700 4.000000
-0.000332 -0.002552 -0.000555 9178.097279 3432.497125 -5027.928648 5.000000
-0.000071 -0.005760 -0.000106 7137.170641 2208.728219 -2747.672724 4.000000
-0.000254 -0.001364 -0.000432 6369.908261 2911.609499 -4792.186751 4.000000
-0.000440 -0.000157 -0.000748 5655.211197 -405.409836 -5123.615297 5.000000
-0.002949 -0.004189 -0.005104 9780.154840 1064.227791 -6436.989812 4.000000
-0.000905 -0.002661 -0.001548 7818.557307 2340.879854 -4246.389838 5.000000
-0.002662 -0.005010 -0.004597 7983.881264 1427.573644 -5053.266858 3.000000
-0.000958 -0.003824 -0.001642 6819.046136 4082.213062 -5135.772353 4.000000
-0.003924 -0.002285 -0.006796 10151.667397 885.370862 -6719.647762 4.000000
-0.000525 -0.002563 -0.000896 6997.307602 2406.733187 -3462.971789 4.000000
-0.002504 -0.002377 -0.004337 8889.819893 2721.996488 -5381.809436 5.000000
-0.001582 -0.005664 -0.002726 8589.601632 -297.297290 -5837.112840 4.000000
-0.001986 -0.005105 -0.003418 8664.873490 789.624428 -4612.746688 4.000000
-0.000978 -0.002527 -0.001681 8767.390028 1460.944747 -4184.247722 4.000000
-0.001443 -0.003893 -0.002486 7123.144249 3305.488823 -5546.565066 4.000000
-0.000159 -0.003294 -0.000274 8074.377957 2340.116767 -3512.539581 4.000000
-0.000825 -0.001041 -0.001409 7338.383389 -140.392227 -4451.345135 3.000000
-0.002152 -0.002864 -0.003717 7763.482332 1747.880941 -5497.104654 3.000000
-0.000385 -0.005590 -0.000665 7973.905938 1770.899051 -3604.367100 4.000000
-0.001913 -0.002503 -0.003294 8404.565614 1347.406898 -5050.589909 5.000000
-0.000092 -0.002686 -0.000155 7684.537265 1761.335107 -3453.447812 5.000000
-0.000006 -0.000000 -0.000009 1468.910165 -5.294389 -2707.962640 5.000000
-0.000502 -0.003148 -0.000855 6610.808779 2821.843096 -3566.300777 4.000000
-0.000926 -0.001736 -0.001596 9287.408496 3173.298509 -5761.444508 4.000000
0.000023 -0.005112 0.000055 7003.592402 2506.532745 -2951.086906 3.000000
-0.002300 -0.002215 -0.003967 8470.636735 2831.590722 -5722.023141 4.000000
-0.000275 -0.002969 -0.000473 8050.087782 1643.966396 -3487.416593 5.000000
-0.001366 -0.004379 -0.002352 6686.904724 2932.122074 -3691.215319 4.000000
-0.001875 -0.002695 -0.003237 8183.984695 1959.922493 -4961.926840 3.000000
-0.004220 -0.002580 -0.007288 8321.086434 1077.917538 -6130.647302 5.000000
-0.002578 -0.003449 -0.004446 8516.240622 1725.902906 -5449.323428 4.000000
-0.001883 -0.004029 -0.003254 7826.047879 4064.048522 -5554.573082 4.000000
-0.000701 -0.003280 -0.001204 7333.698552 2738.406587 -3370.923884 3.000000
-0.000166 -0.002305 -0.000271 6679.189860 2647.099599 -3253.939073 5.000000
-0.001607 -0.003539 -0.002775 7401.901466 1920.824013 -3894.907086 4.000000
-0.000474 -0.002204 -0.000813 7392.788448 374.106082 -3568.441772 4.000000
-0.008919 -0.003361 -0.015434 9249.598682 -1046.995446 -6465.052790 4.000000
-0.000100 -0.000008 -0.000167 4201.022432 -84.095198 -4300.459916 4.000000
-0.002581 -0.004758 -0.004467 9466.119078 1385.497055 -6614.670574 4.000000
-0.000032 -0.002205 -0.000035 8154.514414 1987.350588 -3163.043024 4.000000
-0.001223 -0.001347 -0.002107 7652.708086 3114.093138 -5111.160038 4.000000
0.000031 -0.002938 0.000056 8349.379219 1820.071377 -3109.179084 5.000000
-0.000904 -0.002516 -0.001545 8807.543685 1692.644727 -4989.591592 4.000000
-0.003159 -0.002669 -0.005453 7590.608970 -486.839002 -4928.440791 4.000000
-0.002664 -0.002644 -0.004615 10631.487006 989.805154 -6286.273327 4.000000
-0.001040 -0.004802 -0.001798 9136.788217 2465.065118 -4690.739569 4.000000
0.000133 -0.006121 0.000243 6126.846084 365.362747 -1570.634307 3.000000
-0.001012 -0.003950 -0.001741 6717.395418 4113.202535 -3929.273922 4.000000
-0.000135 -0.002832 -0.000228 7793.672564 2251.576872 -3186.113859 4.000000
-0.000003 -0.006190 0.000012 8405.270342 2741.266918 -3382.457413 5.000000
-0.000275 -0.003803 -0.000461 6094.812887 3267.555121 -3968.158520 3.000000
-0.000194 -0.003068 -0.000326 7361.910417 2330.173828 -3292.788285 4.000000
-0.000886 -0.003312 -0.001525 9139.190118 1351.143197 -4004.873869 3.000000
-0.002112 -0.001758 -0.003649 8409.535130 3047.444073 -6751.825776 4.000000
-0.000236 -0.002943 -0.000393 6930.252931 2333.681369 -3110.412164 4.000000
-0.000245 -0.002881 -0.000412 8611.309953 2831.424052 -3958.587147 5.000000
-0.000004 -0.000000 -0.000005 348.113574 -5.856798 -2062.345600 5.000000
-0.003234 -0.001789 -0.005598 9090.462583 -1117.962966 -7175.145437 4.000000
-0.000354 -0.003000 -0.000612 8379.435471 655.869162 -3562.959498 4.000000
-0.000286 -0.003461 -0.000487 6752.638217 3414.254226 -3915.747091 4.000000
-0.000457 -0.003654 -0.000778 7188.599508 1849.006643 -3147.933262 5.000000
-0.000298 -0.002685 -0.000507 7314.525524 3444.020551 -5635.823597 4.000000
0.000114 -0.003616 0.000206 5105.999050 2912.524442 -2666.136472 2.000000
-0.001741 -0.002081 -0.003002 8423.241954 2343.741878 -4514.876524 4.000000
-0.000075 -0.002079 -0.000128 9743.910781 1946.181156 -3935.794917 4.000000
-0.000126 -0.002644 -0.000216 7719.240191 2731.637109 -3709.020932 3.000000
-0.003481 -0.003248 -0.006013 7399.121585 1638.882096 -5150.914425 4.000000
-0.000365 -0.002413 -0.000618 6912.507379 2558.126774 -3378.265034 4.000000
-0.000693 -0.005846 -0.001190 7356.026375 1316.137717 -3544.000397 3.000000
-0.001231 -0.001963 -0.002111 7683.624858 825.315695 -4255.122872 4.000000
-0.001834 -0.004135 -0.003156 8726.450731 592.078721 -5422.837739 4.000000
-0.002780 -0.003547 -0.004814 10417.085812 644.600548 -6163.223793 5.000000
-0.000130 -0.001492 -0.000213 6000.478731 3672.684255 -4554.753019 3.000000
-0.001130 -0.002472 -0.001939 8237.457924 2434.016833 -3666.497103 3.000000
-0.002129 -0.002008 -0.003673 8955.350074 1302.704568 -5854.775129 4.000000
-0.000132 -0.003203 -0.000214 7843.576715 3265.496147 -4168.254733 3.000000
-0.000290 -0.002851 -0.000500 7250.311472 2918.777058 -4293.211372 3.000000
-0.000137 -0.003784 -0.000228 8371.622816 3161.521280 -4257.026557 4.000000
-0.000288 -0.001597 -0.000481 7637.046408 2832.605090 -4191.906105 5.000000
-0.000527 -0.001988 -0.000901 7529.188188 3556.667434 -5128.760213 5.000000
-0.000140 -0.005924 -0.000231 5990.021059 1251.174863 -1896.169580 4.000000
-0.002893 -0.004373 -0.005006 8544.264559 3267.310368 -7385.153155 4.000000
-0.002716 -0.005152 -0.004694 8372.285388 1791.689717 -5183.974772 4.000000
-0.000159 -0.003218 -0.000270 7929.476070 707.335264 -3270.239600 4.000000
-0.000168 -0.004368 -0.000291 7663.326783 2630.949630 -4021.530771 4.000000
-0.000531 -0.001872 -0.000901 7358.383031 2850.494947 -4345.222756 4.000000
-0.000386 -0.003569 -0.000655 7271.515030 1726.862528 -3020.955456 4.000000
-0.001506 -0.001720 -0.002608 9836.010455 2563.102454 -4686.260332 4.000000
-0.002516 -0.002507 -0.004357 10728.141926 551.718040 -5985.045040 4.000000
0.000050 -0.001819 0.000095 6967.023670 2917.825371 -3737.134321 4.000000
-0.003420 -0.002190 -0.005907 6782.720301 2251.418154 -7860.661492 4.000000
-0.000191 -0.002733 -0.000326 7829.648648 2438.243627 -3211.532318 4.000000
-0.002050 -0.005775 -0.003550 9313.009762 419.024773 -5164.913930 4.000000
-0.000227 -0.002882 -0.000385 7033.953057 3289.294661 -3714.708273 4.000000
-0.000153 -0.001397 -0.000252 6410.315425 2901.155482 -3978.659815 4.000000
-0.001143 -0.003397 -0.001971 9289.548343 2677.341803 -6124.925886 5.000000
-0.000202 -0.004749 -0.000339 6742.738104 3436.028530 -3739.327342 4.000000
-0.002100 -0.004823 -0.003620 8729.567954 2383.889406 -5139.283008 4.000000
-0.002519 -0.004533 -0.004345 7442.809110 2679.861497 -4478.884347 3.000000
-0.002202 -0.002600 -0.003803 9160.699282 3268.384479 -5686.468665 4.000000
-0.000714 -0.002646 -0.001231 8503.553453 4294.425407 -4923.358984 4.000000
-0.000357 -0.001462 -0.000600 7788.236171 1515.327217 -4010.757581 3.000000
-0.000069 -0.003202 -0.000107 7197.935985 2821.873376 -3064.592398 6.000000
-0.000182 -0.002449 -0.000302 8246.434000 2463.913360 -3887.048231 4.000000
-0.002301 -0.001838 -0.003977 8303.859947 1689.512823 -5131.336509 4.000000
-0.001491 -0.001514 -0.002571 7815.268506 3878.567982 -5078.855752 4.000000
-0.000159 -0.003117 -0.000268 7889.566442 1572.664479 -3242.764690 4.000000
-0.001626 -0.002892 -0.002793 7549.884251 2462.244880 -5473.968630 4.000000
-0.002419 -0.004392 -0.004186 8524.353818 2804.852079 -5592.546301 4.000000
-0.002522 -0.002762 -0.004361 9714.748833 4011.811902 -6109.996051 5.000000
-0.002620 -0.002991 -0.004525 9520.864792 2887.174761 -5661.029949 4.000000
-0.001852 -0.004440 -0.003200 7697.517232 3219.205033 -5873.140703 5.000000
-0.000357 -0.002867 -0.000618 9994.467191 3669.513540 -5862.199303 4.000000
-0.003411 -0.003500 -0.005892 9163.580182 -522.447923 -5396.344828 4.000000
-0.000191 -0.002676 -0.000322 8427.803425 3134.598777 -4352.857474 4.000000
-0.001504 -0.002228 -0.002592 5737.234298 2431.235490 -5050.313093 4.000000
-0.000042 -0.002251 -0.000055 7747.004878 2962.690812 -3855.745167 4.000000
-0.000229 -0.003396 -0.000397 8040.412683 2412.247734 -3650.896799 3.000000
-0.004666 -0.003656 -0.008068 7911.154165 -1987.728125 -7620.005380 4.000000
-0.000126 -0.004681 -0.000216 7545.705470 3325.844623 -3709.783511 4.000000
-0.000052 -0.002534 -0.000087 7783.783597 2681.145435 -3361.816287 4.000000
-0.000010 -0.002801 -0.000017 8013.488678 2660.208401 -3666.103798 4.000000
-0.000005 -0.006502 -0.000001 6281.104198 774.641828 -1828.906592 5.000000
-0.001161 -0.003143 -0.001998 7899.429093 3267.842404 -4777.418012 4.000000
-0.002081 -0.002409 -0.003600 8370.981301 3518.519182 -5246.024561 5.000000
-0.000266 -0.002543 -0.000450 8456.272404 1698.797097 -4189.060590 4.000000
-0.000118 -0.005246 -0.000200 7332.208884 3439.783692 -3798.210683 4.000000
-0.002403 -0.005690 -0.004146 8860.502135 1326.588547 -5821.020753 4.000000
-0.007499 -0.002236 -0.012988 9908.199767 -1288.040529 -7832.219010 4.000000
-0.003497 -0.004360 -0.006052 9619.049390 -2196.828860 -7052.833948 4.000000
-0.002420 -0.002712 -0.004189 8558.442442 2130.730228 -6104.074279 4.000000
-0.001803 -0.003539 -0.003101 8065.844746 1006.232451 -4133.732346 4.000000
-0.000057 -0.003247 -0.000094 7785.165083 2498.756634 -3399.343032 4.000000
-0.000350 -0.002734 -0.000589 6921.849315 1456.904427 -2939.012259 4.000000
-0.002840 -0.004126 -0.004915 8813.051548 2271.975091 -5566.874559 4.000000
-0.000747 -0.002758 -0.001287 9244.365701 1838.218123 -6288.848678 5.000000
-0.000458 -0.002419 -0.000775 7958.896107 -498.405131 -3915.857596 5.000000
-0.000234 -0.003598 -0.000389 6932.761144 3149.535237 -2944.489210 3.000000
-0.000257 -0.003127 -0.000445 6995.687113 3402.307040 -4796.603263 4.000000
-0.000320 -0.004421 -0.000541 6844.894890 2737.831950 -3528.905570 4.000000
-0.000195 -0.002893 -0.000326 7875.494942 3316.188389 -4527.347794 4.000000
-0.000285 -0.002956 -0.000476 7139.136084 1104.079743 -3134.141794 4.000000
-0.000821 -0.003931 -0.001422 5991.741881 -791.780006 -2781.585169 3.000000
-0.001366 -0.002332 -0.002351 7668.606982 2127.279718 -4717.210864 4.000000
-0.002682 -0.001610 -0.004626 6832.932041 1000.478252 -5404.863962 4.000000
-0.000257 -0.002860 -0.000440 9063.038571 2026.953270 -4315.412923 4.000000
-0.001557 -0.002372 -0.002684 9297.368679 228.177112 -5181.084615 4.000000
-0.003119 -0.002367 -0.005396 8182.568963 4175.907431 -7921.606160 4.000000
-0.000172 -0.002699 -0.000286 6962.223918 2779.189344 -3471.699624 4.000000
-0.002757 -0.001963 -0.004758 7386.161536 1956.448570 -6675.181234 4.000000
-0.001342 -0.002820 -0.002318 7960.025851 2956.781444 -5545.362763 5.000000
-0.000680 -0.001987 -0.001177 8376.768135 3290.387025 -5984.870777 4.000000
-0.000339 -0.003205 -0.000574 7691.873955 874.843238 -3084.432014 4.000000
-0.001591 -0.003203 -0.002741 8768.550309 3083.326921 -5414.108235 4.000000
-0.000529 -0.001314 -0.000898 6467.708600 3293.358376 -5618.949320 4.000000
-0.005481 -0.002875 -0.009477 7941.864811 359.547368 -6522.000993 4.000000
-0.002166 -0.001511 -0.003744 9190.783294 2688.358486 -6282.629211 4.000000
-0.003554 -0.003507 -0.006139 8908.764597 3063.213492 -6300.154970 4.000000
-0.000255 -0.002734 -0.000433 7045.583143 2996.512428 -3839.783041 4.000000
-0.000199 -0.005820 -0.000333 7659.661039 1467.941282 -3007.719832 4.000000
-0.001910 -0.003055 -0.003291 9189.199214 814.285953 -4768.471621 4.000000
-0.001685 -0.003419 -0.002915 10938.427227 -160.754115 -6898.772536 5.000000
-0.000253 -0.004902 -0.000423 6580.007235 3213.013743 -3544.889417 4.000000
-0.000436 -0.005834 -0.000744 7780.051622 136.228981 -2893.808001 4.000000
-0.000508 -0.003505 -0.000869 8285.914786 3501.540725 -4320.797468 5.000000
0.000094 -0.002444 0.000165 7519.697251 3527.637100 -3668.156898 4.000000
-0.001315 -0.001787 -0.002272 8311.324489 1252.846007 -5627.478086 4.000000
-0.000913 -0.001720 -0.001572 10429.445285 2151.788089 -5939.709664 5.000000
-0.000042 -0.002810 -0.000066 7762.970830 2350.233431 -3201.271700 4.000000
-0.000302 -0.001561 -0.000520 7149.110583 3248.196539 -4337.341417 4.000000
-0.000744 -0.004621 -0.001288 8530.392465 3217.594018 -5400.172844 4.000000
-0.000584 -0.001642 -0.000997 6408.010129 -822.396118 -3939.847068 4.000000
-0.000487 -0.003126 -0.000831 6505.548036 3516.085072 -3940.730318 5.000000
-0.000179 -0.003244 -0.000301 7765.826906 1844.322774 -3161.055643 4.000000
-0.004879 -0.002723 -0.008449 9563.391429 -331.816561 -6995.131758 4.000000
-0.000239 -0.002153 -0.000401 6519.019208 2764.506297 -3745.839215 4.000000
-0.001895 -0.004238 -0.003279 7871.782875 318.311708 -4107.716060 4.000000
-0.000074 -0.003005 -0.000113 7127.638712 2962.806496 -2943.001036 4.000000
-0.000092 -0.001917 -0.000149 6896.352354 3433.082809 -3769.770164 4.000000
-0.004955 -0.002850 -0.008557 7951.183989 -2303.643026 -6317.215137 4.000000
-0.001847 -0.003158 -0.003178 7812.704720 1104.576773 -4285.282891 4.000000
0.000029 -0.006299 0.000051 6899.545921 769.615518 -1913.181415 4.000000
-0.000063 -0.000003 -0.000099 5635.790661 9.500226 -5143.629144 4.000000
-0.000126 -0.002702 -0.000211 7089.665138 3077.977063 -3776.487086 5.000000
-0.000300 -0.003155 -0.000517 8131.372129 1664.185768 -3437.252966 4.000000
-0.000227 -0.002256 -0.000391 9969.863360 1023.493799 -4223.312520 4.000000
-0.004328 -0.002018 -0.007482 8894.957184 -1196.015875 -6375.665053 4.000000
-0.002014 -0.002419 -0.003487 8844.468639 2605.347318 -7632.619070 5.000000
-0.002243 -0.002981 -0.003871 7945.622437 1763.435441 -6576.602425 4.000000
-0.001072 -0.003138 -0.001847 8105.865753 2893.378242 -5045.299252 4.000000
-0.000143 -0.002946 -0.000246 7685.345071 2293.230718 -3830.946942 3.000000
-0.001903 -0.003315 -0.003282 8509.819192 239.533234 -4420.884479 4.000000
-0.001566 -0.002910 -0.002706 7535.509619 2849.299434 -4082.314668 4.000000
-0.000025 -0.000000 -0.000036 3316.812992 -12.696989 -3778.867078 6.000000
-0.002766 -0.004899 -0.004780 7754.761817 3335.367856 -5437.871071 4.000000
-0.004213 -0.002486 -0.007283 8527.258037 -1289.815246 -6310.345852 4.000000
-0.000149 -0.001987 -0.000246 6653.901763 3021.471964 -3746.787859 6.000000
-0.001343 -0.003157 -0.002309 8351.774819 4689.131090 -5241.128018 5.000000
-0.003588 -0.003651 -0.006200 7509.939252 -217.797612 -5818.131466 4.000000
-0.001520 -0.005006 -0.002629 8334.458291 2718.168929 -5480.671692 3.000000
-0.001316 -0.004258 -0.002270 7445.570798 2215.293293 -3582.952574 4.000000
-0.000208 -0.002994 -0.000348 7402.324197 1827.327398 -3147.299731 4.000000
-0.001251 -0.005080 -0.002155 8050.051227 2308.507953 -6773.398657 4.000000
-0.002981 -0.004207 -0.005159 9128.886601 1190.649173 -5255.822430 3.000000
-0.000391 -0.001987 -0.000671 7134.393256 3138.651702 -4081.182898 3.000000
-0.000869 -0.001522 -0.001494 8243.675619 1882.143630 -4603.174357 3.000000
-0.000591 -0.002948 -0.001013 8170.250617 2258.262879 -4713.982082 4.000000
-0.000063 -0.000002 -0.000109 4478.669483 16.967318 -4455.243042 5.000000
-0.000102 -0.000009 -0.000170 4195.230814 -26.757241 -4291.036709 4.000000
-0.001028 -0.002309 -0.001763 8103.292458 1372.623234 -4189.869323 4.000000
-0.000267 -0.006144 -0.000450 6198.133794 -241.092173 -1927.687911 4.000000
0.000093 -0.002996 0.000170 8045.012018 1855.745191 -2615.747236 3.000000
-0.000223 -0.003274 -0.000369 7487.028117 2598.549377 -3692.832305 4.000000
-0.000017 -0.000000 -0.000026 3080.782442 -24.991495 -3641.744798 4.000000
-0.002086 -0.002371 -0.003611 8309.343504 3535.226895 -5963.402909 4.000000
-0.000015 -0.002970 -0.000012 7470.794348 806.617313 -2756.065783 3.000000
-0.000284 -0.001903 -0.000486 6970.089740 3577.278409 -4167.873864 4.000000
-0.000165 -0.002270 -0.000271 7700.972763 3145.496098 -4283.558652 3.000000
-0.001825 -0.003346 -0.003156 6789.342656 2771.557032 -4765.499878 4.000000
-0.000848 -0.002813 -0.001448 7590.105129 1490.600567 -3951.163613 4.000000
-0.003240 -0.003520 -0.005597 7837.981753 -348.835866 -5236.929162 5.000000
-0.000408 -0.002078 -0.000697 8341.399820 3584.966522 -4774.888486 4.000000
-0.000361 -0.002848 -0.000613 7541.286143 78.960811 -3125.352251 4.000000
-0.000106 -0.001845 -0.000177 7009.138276 2920.529622 -4019.489783 4.000000
-0.000385 -0.002725 -0.000658 7430.958037 1994.346607 -3229.939931 3.000000
-0.001328 -0.003581 -0.002289 7596.271261 1927.384705 -5386.238547 4.000000
-0.001494 -0.003076 -0.002572 7915.001354 675.764478 -4398.140373 4.000000
-0.000987 -0.001612 -0.001706 8308.122956 3142.960230 -5400.098607 4.000000
-0.000189 -0.002783 -0.000317 7299.979642 3040.132889 -3335.225510 4.000000
-0.000059 -0.002949 -0.000095 7754.759482 1243.515768 -3125.166729 4.000000
-0.000302 -0.002958 -0.000507 6505.567312 3155.262451 -3450.822176 4.000000
-0.002080 -0.003209 -0.003599 8839.358554 2517.631255 -5264.952265 3.000000
-0.002556 -0.003446 -0.004423 9103.858029 -85.670631 -5271.029988 3.000000
-0.000065 -0.000002 -0.000110 4401.970304 -16.716238 -4420.921392 4.000000
-0.000025 -0.000000 -0.000036 3335.485630 0.981821 -3779.145581 5.000000
-0.001270 -0.002573 -0.002186 9730.698495 1334.054975 -4889.153307 4.000000
-0.000145 -0.006419 -0.000240 6293.044808 1003.466581 -1757.568524 4.000000
-0.000270 -0.002643 -0.000462 8634.881907 2931.415224 -4614.698335 4.000000
-0.001187 -0.003424 -0.002041 8282.794309 2402.268605 -4255.599935 5.000000
0.000023 -0.003524 0.000041 8709.970140 812.602943 -3077.602260 4.000000
-0.000139 -0.003449 -0.000224 6737.810998 2774.160905 -3127.983068 4.000000
-0.000026 -0.002913 -0.000026 8308.066040 1960.327874 -3221.897749 4.000000
-0.002577 -0.002669 -0.004460 9726.248704 -787.592393 -6752.648317 4.000000
-0.000002 -0.004272 0.000000 7669.953815 3120.735952 -3420.568012 4.000000
-0.001589 -0.002685 -0.002747 9144.503181 2272.891721 -4670.712293 5.000000
-0.000135 -0.002652 -0.000225 7533.910340 2388.679558 -3208.103311 5.000000
-0.001557 -0.003793 -0.002688 7649.575232 850.364032 -3639.859735 4.000000
-0.001916 -0.001766 -0.003301 5514.686699 3289.997728 -4836.888609 3.000000
-0.001643 -0.002064 -0.002846 10022.830739 613.009038 -6377.919367 4.000000
-0.001310 -0.003681 -0.002257 7426.255778 2226.621988 -3467.264957 3.000000
-0.000110 -0.003118 -0.000187 9802.166363 696.272372 -3866.085847 5.000000
-0.000136 -0.002828 -0.000229 7897.060277 2072.886144 -3174.584289 4.000000
-0.000187 -0.002011 -0.000319 8483.940923 3902.667707 -5197.250413 4.000000
-0.000009 -0.003186 -0.000005 7953.831205 246.220816 -2573.321378 3.000000
-0.000955 -0.003441 -0.001641 7073.347768 1830.165300 -3479.932935 4.000000
-0.000226 -0.002150 -0.000384 7298.149682 2900.317367 -3638.284717 4.000000
-0.001439 -0.003659 -0.002486 8858.598037 1944.856846 -4720.702796 4.000000
-0.001074 -0.002247 -0.001860 8862.612559 2413.653378 -5494.694425 4.000000
-0.000356 -0.002092 -0.000600 6579.698887 3140.604546 -3287.818494 4.000000
-0.000066 -0.000003 -0.000111 4347.267679 -32.081415 -4410.768241 4.000000
-0.002592 -0.002303 -0.004466 7426.360644 1381.182297 -5805.525782 4.000000
-0.000179 -0.003107 -0.000299 7589.495500 1654.258290 -3130.298090 4.000000
-0.002315 -0.001537 -0.003996 7810.268146 1534.588777 -4826.502557 5.000000
-0.000052 -0.000001 -0.000081 3820.281721 -10.412765 -4119.985968 4.000000
-0.001023 -0.003785 -0.001753 8452.035258 1962.847734 -4099.506996 4.000000
-0.000302 -0.003564 -0.000521 6974.788772 3098.884743 -4852.367283 4.000000
-0.000097 -0.001919 -0.000150 7090.241241 3592.771156 -4811.232055 4.000000
-0.000688 -0.005360 -0.001183 8794.180079 3401.916143 -4364.689569 5.000000
-0.001309 -0.002867 -0.002257 8736.012565 670.576073 -4499.681136 5.000000
-0.000274 -0.004828 -0.000468 7051.153362 2922.334445 -3884.963685 5.000000
-0.001628 -0.003680 -0.002803 8061.167728 1241.637222 -4104.897028 4.000000
-0.002353 -0.001694 -0.004054 8285.531409 1847.923328 -5226.457091 4.000000
-0.001841 -0.003221 -0.003176 6952.882696 2476.122586 -5934.979998 4.000000
-0.000459 -0.002292 -0.000789 6448.408989 3884.077545 -4861.941346 3.000000
-0.000390 -0.002967 -0.000664 7463.931748 2459.623967 -3068.602299 4.000000
-0.000091 -0.005331 -0.000151 7731.924255 2867.531382 -3278.928406 4.000000
-0.000267 -0.003281 -0.000450 8163.194788 3270.289833 -4310.270142 4.000000
-0.000108 -0.002674 -0.000172 7164.277961 2428.573749 -2976.928749 4.000000
-0.001367 -0.002124 -0.002348 9242.744843 120.399708 -4839.531836 4.000000
-0.004340 -0.003885 -0.007506 9663.140838 -1588.118565 -6167.354756 4.000000
-0.000120 -0.005872 -0.000199 6289.326722 -223.098189 -1903.164748 4.000000
-0.000019 -0.002568 -0.000018 7003.460702 2554.523103 -2773.734642 3.000000
-0.002044 -0.001881 -0.003536 8715.092983 567.936804 -5906.274903 3.000000
0.000056 -0.006317 0.000097 8452.104615 1310.234253 -3176.080906 4.000000
-0.000065 -0.000003 -0.000107 4209.106131 -28.039978 -4271.354856 4.000000
-0.001084 -0.003713 -0.001877 8242.787076 1457.951783 -3775.578982 4.000000
-0.000905 -0.003489 -0.001554 9342.781654 3652.234433 -4714.490174 5.000000
-0.000216 -0.001633 -0.000374 7167.053042 3679.149754 -4627.169564 4.000000
-0.000252 -0.002780 -0.000434 7827.598143 1437.528058 -3744.796388 4.000000
-0.002565 -0.003127 -0.004423 7609.708216 -300.241436 -4818.066289 3.000000
-0.000292 -0.002838 -0.000489 7082.449047 1874.208201 -2829.611026 4.000000
-0.001675 -0.002391 -0.002890 7760.051582 3333.555332 -4834.816754 4.000000
-0.000670 -0.002845 -0.001147 6990.281976 466.122790 -3376.003472 4.000000
-0.001917 -0.003122 -0.003298 8203.434130 -747.413815 -5484.225503 4.000000
-0.002519 -0.003771 -0.004360 8613.189630 2768.853286 -5436.451765 4.000000
-0.000214 -0.001867 -0.000371 7030.335870 3440.239456 -4924.207473 4.000000
-0.002974 -0.001325 -0.005134 7356.743302 2400.066756 -6892.887941 5.000000
-0.001035 -0.003364 -0.001777 7053.642882 3907.200597 -5323.727502 4.000000
-0.002307 -0.002615 -0.003988 8152.420511 2867.873623 -5576.657389 4.000000
-0.000460 -0.004220 -0.000781 6458.763095 3108.364761 -3574.104054 4.000000
0.000078 -0.002869 0.000150 7343.111682 2224.177767 -2646.156896 4.000000
-0.000092 -0.003009 -0.000154 8135.399450 715.544653 -3095.995550 4.000000
-0.000260 -0.001750 -0.000439 8338.701115 2771.876991 -4209.066879 4.000000
-0.000196 -0.002566 -0.000334 9476.071377 1421.250384 -3984.183600 4.000000
-0.002945 -0.003129 -0.005078 8636.029989 -694.746732 -5258.682134 4.000000
-0.006081 -0.001888 -0.010511 7571.892079 -424.671499 -6163.273455 4.000000
-0.002494 -0.003177 -0.004309 9178.342179 2611.981572 -5847.229472 4.000000
-0.002486 -0.004065 -0.004296 8015.433035 -772.876514 -5759.285035 4.000000
-0.000779 -0.003672 -0.001338 6885.595947 2983.666345 -3639.311194 3.000000
-0.002635 -0.002341 -0.004541 8082.257278 2265.054953 -5074.276557 5.000000
-0.000063 -0.000004 -0.000108 4445.983848 -45.538746 -4452.150647 4.000000
-0.006921 -0.000741 -0.005576 -3921.499593 -513.766756 -1237.815390 3.000000
-0.000422 -0.002416 -0.000714 8127.010523 2478.685145 -5418.106272 5.000000
-0.001787 -0.002197 -0.003071 8173.736419 1058.066600 -4814.360368 4.000000
-0.000050 -0.000001 -0.000080 4071.912871 -18.912688 -4197.807447 3.000000
-0.000204 -0.004042 -0.000347 7219.751185 2812.647225 -3862.411899 4.000000
-0.000397 -0.005416 -0.000678 7622.379135 809.891757 -3205.937285 5.000000
-0.000601 -0.002844 -0.001036 7493.811878 960.255335 -3885.272419 4.000000
-0.000069 -0.003226 -0.000107 7698.453573 955.398323 -2764.740714 4.000000
0.000052 -0.001671 0.000101 6664.859257 3312.270027 -3605.411952 4.000000
-0.000378 -0.005574 -0.000643 7547.825847 1167.178474 -3001.019834 4.000000
-0.000112 -0.003869 -0.000189 7516.263191 2906.753266 -3597.537104 4.000000
-0.000101 -0.003023 -0.000154 8275.642411 1342.666983 -3099.760510 4.000000
-0.000245 -0.002129 -0.000423 7292.043622 3290.117378 -4385.935276 4.000000
-0.000154 -0.002916 -0.000259 7666.486846 1744.827089 -3396.347449 4.000000
-0.001387 -0.003367 -0.002390 8850.548880 1259.525942 -4459.868351 4.000000
-0.000183 -0.005659 -0.000317 6481.676637 1178.452961 -2272.127615 3.000000
0.000179 -0.003392 0.000317 8473.548119 1177.292923 -2417.346795 4.000000
-0.000006 -0.000000 -0.000009 1435.025887 1.532907 -2705.543489 4.000000
-0.002842 -0.004939 -0.004912 7821.312957 1841.206111 -5494.763220 4.000000
-0.000134 -0.003079 -0.000227 8133.272923 1808.707297 -3015.688484 4.000000
-0.001759 -0.005013 -0.003042 8385.425115 2626.482020 -5591.065993 4.000000
-0.000358 -0.003009 -0.000617 8100.930284 1287.105879 -3559.911955 4.000000
-0.002128 -0.002475 -0.003669 8516.529845 1118.761934 -4369.831609 4.000000
-0.000286 -0.005679 -0.000481 5781.180845 743.247821 -2062.667922 3.000000
-0.000068 -0.003176 -0.000105 7661.806708 1998.424861 -2867.539970 6.000000
-0.000065 -0.000002 -0.000103 3901.042606 4.505765 -4103.611048 4.000000
-0.001418 -0.003736 -0.002452 9552.639730 2301.985202 -4644.265954 5.000000
-0.000024 -0.005323 -0.000026 6560.073301 2904.611221 -3175.056926 4.000000
-0.006327 -0.001452 -0.010953 8476.832119 3328.265446 -9783.290783 6.000000
-0.003392 -0.002591 -0.005872 9649.668317 1785.626028 -7021.166157 5.000000
-0.005853 -0.003353 -0.010110 8776.525230 1021.218849 -7267.203404 6.000000
-0.001713 -0.002076 -0.002964 9202.251060 1412.702854 -5355.944394 4.000000
-0.001791 -0.002529 -0.003097 9174.762662 644.317734 -4974.366555 4.000000
-0.000528 -0.003230 -0.000906 7692.533106 1004.815710 -3290.864284 5.000000
-0.001565 -0.004325 -0.002702 7700.378074 1130.515291 -3936.060205 2.000000
-0.000064 -0.001907 -0.000102 9008.814664 2450.999942 -3788.346391 4.000000
-0.000604 -0.003344 -0.001032 6176.659501 2877.030494 -4187.699874 4.000000
0.000117 -0.006306 0.000214 6231.246301 542.336275 -1580.664646 4.000000
-0.000127 -0.002580 -0.000211 7447.509375 1946.784461 -3229.881158 4.000000
-0.001307 -0.001258 -0.002259 9258.981701 3189.215760 -6308.934441 4.000000
-0.000132 -0.006153 -0.000219 7935.508495 1184.491832 -2956.172583 4.000000
-0.002017 -0.002889 -0.003480 7881.714018 3219.552448 -6690.128479 4.000000
-0.000114 -0.007072 -0.000197 6867.863351 379.416835 -2123.128618 4.000000
-0.001816 -0.002726 -0.003127 7910.384757 307.126333 -4952.239478 4.000000
-0.000087 -0.003197 -0.000137 7407.328715 1965.222495 -2751.867713 4.000000
-0.000435 -0.002011 -0.000736 7645.685575 2750.907051 -4373.301076 4.000000
-0.000148 -0.001945 -0.000250 7105.553170 3294.547845 -3961.329747 4.000000
-0.000116 -0.003117 -0.000192 7994.876648 191.142191 -3033.521822 4.000000
-0.004481 -0.004018 -0.007761 9180.227618 1459.118671 -5973.934285 3.000000
-0.000408 -0.001914 -0.000695 8812.285796 7.496873 -4241.163378 6.000000
-0.000061 -0.000003 -0.000094 5510.138278 -58.075720 -5094.920554 4.000000
-0.000134 -0.003212 -0.000227 8100.281808 4.621754 -3267.029076 4.000000
-0.000275 -0.006569 -0.000465 6170.241399 -178.198383 -1833.461607 4.000000
-0.000418 -0.002967 -0.000712 7470.387895 1130.826704 -3236.943134 4.000000
-0.000050 -0.000001 -0.000081 4115.814113 -0.274125 -4260.613559 5.000000
-0.001418 -0.002838 -0.002438 7743.481170 3110.553451 -4540.841059 5.000000
-0.000702 -0.001456 -0.001211 8039.572059 3316.947341 -5635.649724 4.000000
-0.000245 -0.005804 -0.000410 7147.568545 1511.325207 -2951.108514 3.000000
-0.003730 -0.003149 -0.006447 6213.777860 1885.962628 -4378.909372 3.000000
-0.000739 -0.001779 -0.001280 8924.803801 1566.017399 -5472.812739 4.000000
-0.000279 -0.006381 -0.000482 6680.242480 692.072024 -2233.475553 3.000000
-0.002386 -0.002328 -0.004114 7114.125522 3680.523747 -6810.977887 4.000000
-0.000175 -0.002540 -0.000295 6753.337878 2917.744182 -4050.813686 4.000000
-0.000450 -0.002707 -0.000779 7716.176567 2218.351120 -4131.269268 4.000000
-0.000017 -0.000000 -0.000026 3117.503641 9.531091 -3651.070413 5.000000
-0.001458 -0.002637 -0.002510 6777.833097 1626.543113 -3689.531065 3.000000
-0.000537 -0.001616 -0.000918 6131.371409 3727.936984 -4398.084974 4.000000
-0.002956 -0.002831 -0.005108 9681.959688 -688.697508 -5319.333396 4.000000
-0.000015 -0.003246 -0.000026 8574.255536 1437.848240 -3180.644481 3.000000
-0.001417 -0.002825 -0.002447 8704.914430 2845.711874 -4788.086193 5.000000
-0.002539 -0.003527 -0.004397 10106.264088 726.610924 -6536.587006 4.000000
-0.000335 -0.001713 -0.000570 6788.781121 3573.324491 -3882.001492 4.000000
-0.002755 -0.002255 -0.004771 11342.254816 -367.563887 -7432.811353 5.000000
-0.000142 -0.003273 -0.000236 7819.513744 1446.225132 -2912.259716 4.000000
-0.002751 -0.003112 -0.004753 8117.533162 3165.039110 -5312.303441 4.000000
-0.000754 -0.003126 -0.001298 8106.522974 3295.539873 -5209.225916 4.000000
-0.000067 -0.000003 -0.000105 3873.926458 -15.285090 -4106.615720 3.000000
-0.002452 -0.001602 -0.004242 10026.249475 513.585979 -6352.970834 4.000000
-0.001676 -0.002359 -0.002902 10667.482615 1250.191051 -5913.970532 5.000000
-0.000869 -0.002714 -0.001504 8934.385059 871.171149 -5291.623187 4.000000
0.000038 -0.003316 0.000079 7843.046882 1362.796111 -2590.975962 4.000000
-0.005575 -0.003979 -0.009641 7522.763538 1325.008701 -5669.915942 3.000000
-0.000107 -0.002816 -0.000176 7807.316897 984.480250 -2853.668251 4.000000
-0.001515 -0.003321 -0.002622 8187.061042 1462.923135 -4140.968212 4.000000
-0.001749 -0.001976 -0.003018 9263.895578 2837.660418 -5637.587394 4.000000
-0.001767 -0.002660 -0.003059 9739.727236 409.813125 -6676.616958 5.000000
-0.000327 -0.005120 -0.000561 10192.822292 3061.343641 -6460.615554 5.000000
-0.000080 -0.005631 -0.000137 7965.562233 2421.324538 -3498.349468 4.000000
-0.002407 -0.005398 -0.004164 8817.563403 2051.234058 -5387.967801 4.000000
-0.002719 -0.004381 -0.004698 9231.309446 136.670680 -5890.072372 4.000000
0.000078 -0.005673 0.000153 7086.142405 2510.707224 -2469.189990 4.000000
-0.000262 -0.002825 -0.000450 8058.411423 1227.682563 -3567.088275 4.000000
-0.000199 -0.002983 -0.000332 7568.387157 -117.418554 -3020.507129 5.000000
-0.003310 -0.006954 -0.005726 8601.555645 1112.044619 -5583.472875 3.000000
-0.000130 -0.006099 -0.000213 6014.565794 604.024649 -1813.102299 3.000000
-0.002388 -0.005171 -0.004120 8396.819332 -489.175740 -5818.977140 4.000000
-0.002197 -0.002427 -0.003804 10261.120702 -313.107735 -6244.485851 4.000000
-0.000484 -0.000689 -0.000822 6787.148147 3405.021311 -5321.822068 4.000000
-0.000349 -0.002915 -0.000591 7030.094945 2889.969638 -3169.781470 3.000000
-0.001285 -0.004431 -0.002213 9479.802289 1863.933110 -5186.285987 4.000000
-0.002849 -0.005050 -0.004916 8783.226306 1921.440492 -4283.898585 4.000000
-0.000969 -0.002190 -0.001672 7900.970653 3977.372648 -5342.584510 4.000000
-0.000065 -0.000002 -0.000103 3968.935010 -25.263808 -4154.229644 4.000000
-0.000172 -0.002740 -0.000294 8080.091980 1143.598332 -3281.903141 4.000000
-0.000797 -0.003152 -0.001374 8395.585749 2553.282771 -5049.693941 4.000000
-0.002759 -0.006354 -0.004761 7984.453637 770.318368 -4906.339024 4.000000
-0.000259 -0.002832 -0.000445 7861.812569 1661.071023 -3732.184790 4.000000
-0.002072 -0.001918 -0.003571 8458.493015 2924.611420 -5518.547917 5.000000
-0.000238 -0.001800 -0.000406 9041.110612 2116.674212 -4214.693394 4.000000
-0.000330 -0.003159 -0.000561 6957.457387 2298.253830 -3699.485539 3.000000
-0.001502 -0.002262 -0.002579 8041.147100 3370.658638 -4892.964714 4.000000
-0.002531 -0.002063 -0.004366 7840.385771 1590.639538 -4588.691500 3.000000
-0.000798 -0.002534 -0.001371 8523.250665 2509.713304 -4297.380500 4.000000
-0.002068 -0.004273 -0.003578 8375.882810 3175.069848 -5622.092619 4.000000
-0.001269 -0.002271 -0.002191 8889.302419 2671.575268 -4634.851190 4.000000
-0.000134 -0.002981 -0.000221 7762.803472 418.049827 -3118.396689 3.000000
-0.001593 -0.002406 -0.002754 9372.936943 2486.272336 -4532.410485 3.000000
-0.001093 -0.003437 -0.001886 8454.958884 2803.926807 -5169.984099 4.000000
-0.002183 -0.003306 -0.003777 9894.097556 2180.731557 -4369.187306 5.000000
-0.000342 -0.006009 -0.000584 7837.227613 749.578837 -3131.758337 3.000000
-0.001330 -0.001146 -0.002299 8810.262305 2707.263624 -6905.118882 4.000000
-0.000424 -0.001791 -0.000718 6089.027017 3031.098343 -3805.017106 4.000000
-0.000576 -0.002402 -0.000993 8514.581554 2374.093489 -5013.172507 4.000000
-0.003625 -0.004174 -0.006269 9690.371750 -425.746250 -5479.875137 5.000000
-0.000058 -0.002882 -0.000095 8063.575972 1858.417908 -3000.825065 3.000000
-0.000350 -0.001121 -0.000595 7613.712095 3152.325460 -5119.463099 4.000000
-0.000881 -0.002600 -0.001515 8212.233248 4291.494602 -4592.166149 4.000000
-0.001354 -0.003503 -0.002342 8713.338834 1084.421320 -5429.368728 4.000000
-0.000065 -0.000002 -0.000107 4211.634315 -14.981948 -4281.517367 5.000000
-0.000732 -0.002088 -0.001259 6575.619487 3443.818660 -4448.047796 4.000000
-0.002493 -0.002853 -0.004315 9613.913403 2242.250376 -4758.936885 4.000000
-0.000275 -0.003156 -0.000460 7417.210900 794.679662 -2890.133819 4.000000
-0.000885 -0.001770 -0.001523 8933.920129 4160.850315 -5662.888772 5.000000
-0.001013 -0.004781 -0.001754 10405.714302 1701.109636 -5726.091765 4.000000
-0.000178 -0.003140 -0.000296 7442.816150 1568.426069 -3051.711988 4.000000
-0.000043 -0.000002 -0.000063 3662.896249 -35.513157 -4009.318016 4.000000
-0.002446 -0.002716 -0.004223 8208.475715 861.271957 -5273.417344 4.000000
-0.001059 -0.002010 -0.001827 8980.478796 2630.278341 -6396.728350 6.000000
-0.002554 -0.002921 -0.004408 8438.741270 336.082483 -5772.965050 4.000000
-0.000109 -0.003457 -0.000176 7056.739965 3036.049988 -3325.945588 4.000000
-0.000018 -0.005888 -0.000023 6154.762785 639.952288 -1893.022769 3.000000
-0.002333 -0.002715 -0.004037 9836.317040 2275.795213 -6735.384298 4.000000
-0.000157 -0.002865 -0.000257 7093.658456 1856.629086 -3059.402373 5.000000
-0.001194 -0.003025 -0.002058 8420.042722 2850.347188 -4417.428920 5.000000
-0.003056 -0.003553 -0.005280 6801.216900 950.604433 -3894.092103 2.000000
-0.000023 -0.003037 -0.000031 7601.337811 2623.308173 -2945.997345 4.000000
-0.002670 -0.003869 -0.004611 8789.560492 626.542914 -4644.300785 4.000000
-0.001295 -0.003420 -0.002242 9839.987537 1661.623335 -6408.743536 4.000000
-0.000020 -0.000000 -0.000032 3473.439010 -19.067054 -3888.228750 4.000000
0.000027 -0.003290 0.000062 7757.307481 377.818434 -2314.777010 3.000000
-0.000269 -0.005748 -0.000453 7688.850950 835.009936 -2896.293035 4.000000
-0.000112 -0.002934 -0.000182 7531.520842 1648.141860 -2967.439315 4.000000
-0.000217 -0.002567 -0.000371 8795.530549 2658.421135 -4493.127543 4.000000
-0.001179 -0.001882 -0.002037 8502.835782 4293.273415 -5116.322398 4.000000
-0.002870 -0.005158 -0.004965 8762.454824 5184.173197 -6738.892102 4.000000
-0.001869 -0.001129 -0.003231 9855.539691 1874.063698 -7740.469667 5.000000
-0.000236 -0.005609 -0.000399 7495.094715 1967.951163 -3189.062009 4.000000
-0.001498 -0.001729 -0.002592 9597.453710 3860.246176 -6245.927573 4.000000
-0.005661 -0.002928 -0.009783 8099.915748 2715.557114 -6059.472420 4.000000
0.000006 -0.002328 0.000019 9109.734194 2620.346395 -3746.122646 5.000000
-0.000175 -0.002190 -0.000287 8663.650119 554.112545 -3559.279931 4.000000
-0.001184 -0.002417 -0.002040 8557.865111 3903.741215 -4175.996427 5.000000
0.000073 -0.002768 0.000131 9182.175835 2841.850980 -3960.691838 4.000000
-0.000163 -0.003228 -0.000269 7405.071741 2035.046022 -2890.488168 4.000000
-0.000058 -0.002876 -0.000091 7785.156762 1531.346182 -2934.422616 4.000000
-0.000881 -0.002420 -0.001526 8957.160851 3171.253738 -5389.977880 4.000000
-0.000308 -0.002939 -0.000525 9576.207201 3584.642980 -5040.728370 4.000000
-0.001815 -0.002804 -0.003140 9520.093514 2711.808807 -4471.941318 4.000000
-0.000197 -0.002436 -0.000331 6793.998635 3621.334537 -3815.444951 4.000000
-0.000284 -0.002519 -0.000472 7413.397250 2309.555685 -4324.543694 4.000000
-0.000286 -0.005938 -0.000484 5994.787090 -26.486665 -2046.393155 4.000000
-0.000700 -0.004914 -0.001200 6963.672298 2151.892451 -3504.316307 5.000000
-0.002325 -0.003796 -0.004021 10003.878940 -394.219190 -6335.290641 5.000000
-0.000120 -0.002233 -0.000188 7866.309308 1792.274344 -3697.799039 4.000000
-0.000202 -0.001627 -0.000339 9507.500899 2098.289164 -4879.272551 4.000000
-0.001131 -0.004924 -0.001950 7404.024617 3560.373309 -3660.229619 4.000000
-0.000252 -0.002929 -0.000435 8158.853584 2172.071439 -3591.490178 4.000000
-0.002597 -0.002618 -0.004490 8203.220402 3162.203477 -5435.916985 4.000000
-0.000143 -0.002422 -0.000230 6781.827545 2636.905241 -3045.564127 4.000000
-0.000130 -0.003113 -0.000225 8557.408554 1506.605729 -3191.278685 4.000000
-0.001665 -0.003319 -0.002872 8435.645994 -51.700662 -4534.707211 4.000000
-0.000142 -0.002859 -0.000241 7445.656959 3082.371074 -3621.515790 3.000000
-0.002051 -0.004755 -0.003539 8296.172821 183.317247 -4977.192925 4.000000
-0.000146 -0.002651 -0.000240 7151.964021 2193.765434 -3075.921311 5.000000
-0.000178 -0.006513 -0.000303 8352.595427 319.538336 -3134.224638 4.000000
-0.000039 -0.003151 -0.000049 7493.220633 53.730046 -2379.389567 4.000000
-0.001941 -0.001762 -0.003355 9373.560876 2315.158985 -5966.235362 4.000000
-0.006080 -0.004838 -0.010507 7986.968438 -2577.483266 -6618.392985 4.000000
-0.000015 -0.003263 -0.000009 7293.408637 1892.124879 -2560.478660 3.000000
-0.003272 -0.002182 -0.005648 7899.082988 -1425.652087 -6183.292315 4.000000
-0.000244 -0.002201 -0.000408 6676.983136 2890.716517 -3370.806989 4.000000
-0.000332 -0.002962 -0.000559 8022.981472 2900.055342 -3944.748513 6.000000
-0.001332 -0.001020 -0.002286 6751.301710 3131.750008 -6812.246098 4.000000
-0.000243 -0.002402 -0.000418 7624.315965 2586.952888 -3775.763381 3.000000
-0.000032 -0.005766 -0.000044 7689.084428 1653.316154 -2834.158077 4.000000
-0.001940 -0.005033 -0.003354 9917.812270 2373.441258 -5895.722333 5.000000
-0.000391 -0.004150 -0.000672 7830.558853 1613.411624 -3531.928094 4.000000
-0.000302 -0.000090 -0.000514 4112.258092 -290.878305 -4292.034850 5.000000
-0.000135 -0.002519 -0.000232 9868.447555 3612.152744 -5740.314195 4.000000
-0.000193 -0.002440 -0.000325 8877.498680 2924.326476 -3985.545870 3.000000
-0.000129 -0.002669 -0.000215 7701.942418 2518.624981 -3131.713720 4.000000
-0.002292 -0.002544 -0.003963 9104.327410 1342.070049 -6228.940820 4.000000
-0.000982 -0.004534 -0.001688 7456.166597 2873.908069 -5349.199275 4.000000
0.000146 -0.002920 0.000265 7684.971634 1419.017032 -2597.041225 4.000000
-0.002179 -0.001240 -0.003750 7751.667837 -143.672534 -5540.984868 4.000000
-0.002868 -0.004108 -0.004958 8181.250872 1438.348390 -5539.769522 4.000000
-0.006968 -0.002830 -0.012055 8271.236935 -2526.974782 -7082.177876 4.000000
-0.000004 -0.000000 -0.000005 341.218717 -12.987892 -2068.366527 4.000000
-0.001744 -0.002166 -0.003006 7383.356908 3659.289252 -5117.350460 4.000000
-0.001688 -0.004597 -0.002921 7366.687356 2893.268787 -4391.456003 4.000000
-0.001248 -0.002701 -0.002158 8915.155835 2336.646097 -5108.336423 4.000000
-0.002080 -0.002647 -0.003582 8431.371926 3294.817345 -5377.578159 4.000000
-0.001145 -0.001778 -0.001977 8606.531612 3782.994331 -6891.244304 5.000000
-0.000328 -0.003346 -0.000565 7067.946939 3263.730745 -4333.933259 4.000000
-0.000274 -0.006615 -0.000471 6695.648372 726.213773 -2173.690004 5.000000
-0.004595 -0.001342 -0.007948 8322.195313 3951.433044 -6820.886677 4.000000
-0.000208 -0.002833 -0.000353 7620.369403 2075.071759 -3396.879089 4.000000
-0.000590 -0.002755 -0.001021 8903.587449 2911.950805 -4987.639136 4.000000
-0.001748 -0.002291 -0.003005 7927.942658 2261.547255 -5234.382134 5.000000
-0.005030 -0.002224 -0.008686 8088.290619 -1733.679297 -7326.938856 5.000000
-0.000217 -0.002789 -0.000368 7670.791466 610.250832 -3313.426875 4.000000
-0.002887 -0.005231 -0.004980 8253.827856 579.678804 -4454.385345 3.000000
-0.000810 -0.003809 -0.001385 7578.015562 3462.289173 -4261.377591 3.000000
-0.001968 -0.002276 -0.003396 8563.684490 -945.121459 -6087.987261 4.000000
-0.001223 -0.002593 -0.002110 9504.682354 3348.764178 -5309.291365 5.000000
-0.000108 -0.003431 -0.000175 8007.717284 700.367014 -2612.534314 5.000000
-0.000030 -0.000000 -0.000042 3425.925573 18.533298 -3837.170758 5.000000
-0.000058 -0.005877 -0.000093 7601.796859 2293.240378 -3443.252702 4.000000
-0.000169 -0.002055 -0.000285 7952.949389 4476.248535 -5109.480236 4.000000
-0.000462 -0.003402 -0.000787 6190.358965 3462.738796 -4058.714905 4.000000
-0.000109 -0.002265 -0.000180 6974.063292 2873.254619 -3753.634018 5.000000
-0.000113 -0.006172 -0.000186 6201.258571 285.283635 -1748.482333 4.000000
-0.004078 -0.003020 -0.007055 7664.040836 3445.617205 -6093.377311 3.000000
-0.001128 -0.003972 -0.001949 8771.570180 2976.925164 -4831.046533 5.000000
-0.002211 -0.002671 -0.003814 8635.661386 1418.575338 -5682.162378 4.000000
-0.004181 -0.001452 -0.007226 8066.044140 -998.274205 -6579.308455 4.000000
-0.000137 -0.002717 -0.000222 7303.338844 1647.234711 -2780.349779 4.000000
-0.000114 -0.003129 -0.000179 7238.015440 907.431848 -2805.659428 4.000000
-0.000372 -0.002845 -0.000640 7577.175637 3096.668134 -3779.892608 4.000000
-0.000409 -0.003106 -0.000698 8240.910566 3418.830777 -4439.154413 4.000000
-0.000442 -0.002802 -0.000758 7749.978522 -1016.808912 -3579.598626 4.000000
-0.002386 -0.002675 -0.004128 9271.478504 1130.063653 -6814.350076 4.000000
-0.003937 -0.002431 -0.006799 7089.128591 -1874.422000 -5355.303658 3.000000
-0.001193 -0.004563 -0.002058 8533.943724 2957.031194 -4900.188909 3.000000
0.000098 -0.006092 0.000173 6510.665177 986.465556 -1900.398122 4.000000
-0.000361 -0.003498 -0.000612 7266.906115 2226.173668 -3159.932031 4.000000
-0.000247 -0.002089 -0.000414 8895.702748 3257.627558 -4988.496568 4.000000
-0.002531 -0.003443 -0.004366 8461.862596 3020.266514 -5347.688778 4.000000
-0.000479 -0.001629 -0.000818 8755.904466 3369.793563 -5444.886272 4.000000
-0.000524 -0.003809 -0.000895 7569.855148 2557.704492 -3143.627505 3.000000
-0.000124 -0.002900 -0.000200 7489.126810 1031.443527 -2869.592004 4.000000
-0.000478 -0.002823 -0.000817 8128.498802 3368.301868 -4727.824424 3.000000
-0.000497 -0.003062 -0.000857 8937.137416 4106.858057 -4441.144008 4.000000
-0.000111 -0.006010 -0.000190 6589.182301 219.469824 -2052.725739 4.000000
-0.000236 -0.006415 -0.000398 6239.763258 413.408716 -2034.261878 3.000000
-0.001953 -0.004116 -0.003364 8673.688832 852.585536 -4863.681721 4.000000
-0.000125 -0.005527 -0.000205 7409.013436 1516.872805 -3011.439807 4.000000
-0.000394 -0.004093 -0.000670 6778.160575 2812.931209 -3590.814297 4.000000
-0.000415 -0.005343 -0.000714 9296.037472 3492.680095 -5965.064191 5.000000
-0.000183 -0.003224 -0.000302 7588.855911 463.987620 -2756.383950 4.000000
-0.000190 -0.006064 -0.000323 8179.515973 1125.826897 -3047.327477 4.000000
-0.001962 -0.002433 -0.003397 10605.584172 0.369278 -5977.902353 5.000000
-0.000437 -0.003721 -0.000746 7200.027419 1935.110855 -3257.692102 4.000000
-0.000380 -0.002546 -0.000640 6899.328874 -661.621460 -3088.510339 4.000000
-0.000029 -0.000000 -0.000043 3566.199278 -7.696715 -3894.379393 4.000000
-0.001372 -0.003845 -0.002369 6501.738266 3456.200788 -4672.680550 3.000000
-0.000062 -0.002484 -0.000108 9066.723005 2839.401960 -4950.563285 4.000000
-0.000223 -0.002999 -0.000369 7377.302052 51.097165 -2797.892136 4.000000
-0.007779 -0.002583 -0.011199 729.620787 -1703.016763 -2828.139479 4.000000
-0.001837 -0.002077 -0.003175 9494.918189 3453.581260 -5557.406099 5.000000
-0.001540 -0.003426 -0.002646 8284.961531 559.206462 -4967.551624 4.000000
0.000097 -0.002665 0.000170 8035.884123 1930.903542 -3367.823638 3.000000
-0.001535 -0.003987 -0.002642 8176.367027 2954.966845 -4701.426597 4.000000
-0.002537 -0.001248 -0.004378 7717.543400 2058.032969 -4836.266290 4.000000
-0.000934 -0.002277 -0.001599 7347.285193 3153.462276 -6368.709773 4.000000
-0.000313 -0.003345 -0.000541 6822.082583 3189.665409 -4969.919525 4.000000
-0.000382 -0.000172 -0.000655 6391.944427 -423.008410 -5111.103770 4.000000
-0.000222 -0.005146 -0.000382 7624.290126 3051.918100 -3743.244577 4.000000
-0.001688 -0.001533 -0.002918 9834.620972 1128.266509 -5842.926907 4.000000
-0.003000 -0.003205 -0.005175 7704.939012 4071.617956 -6149.485957 4.000000
-0.002581 -0.003686 -0.004451 9214.003657 3107.473574 -4820.528929 5.000000
-0.000036 -0.002510 -0.000053 7281.988744 2326.073528 -3446.719166 4.000000
-0.002241 -0.003769 -0.003868 9218.251732 2562.527322 -5354.979261 4.000000
-0.003862 -0.002953 -0.006683 9695.526934 1014.983173 -6292.432510 4.000000
-0.002177 -0.003631 -0.003767 10292.264691 -67.275914 -6256.421593 4.000000
-0.000526 -0.001622 -0.000898 7472.857539 2453.425315 -5060.340114 5.000000
-0.001250 -0.002142 -0.002140 8411.463490 3692.802703 -5560.359300 5.000000
-0.000031 -0.001914 -0.000042 8794.771487 2133.112211 -3595.490005 4.000000
-0.001007 -0.001680 -0.001741 9762.888689 2211.599927 -6034.904910 5.000000
-0.000188 -0.004275 -0.000310 8536.073847 3644.391130 -5022.398901 5.000000
-0.002812 -0.001450 -0.004855 6857.160604 3795.672000 -7697.446699 5.000000
-0.002241 -0.002524 -0.003865 6894.210229 2531.926794 -5499.180081 4.000000
-0.000103 -0.002817 -0.000163 8061.390104 2180.388674 -3874.540279 4.000000
-0.002284 -0.005895 -0.003937 8535.783101 1675.914183 -4109.208166 4.000000
-0.000274 -0.006714 -0.000473 6682.046384 39.813225 -2098.579248 4.000000
-0.000874 -0.003722 -0.001500 8770.288022 1780.448076 -3773.916269 4.000000
-0.000418 -0.001473 -0.000704 6798.694648 3910.950152 -4829.799207 4.000000
-0.001333 -0.001597 -0.002303 7833.631247 3178.181403 -5962.825894 3.000000
-0.003475 -0.002608 -0.005999 8046.242019 620.497956 -6543.014135 4.000000
-0.002875 -0.001740 -0.004958 8288.644207 2397.196099 -5640.353417 4.000000
-0.002238 -0.003317 -0.003871 8610.509949 -230.966883 -5766.253672 3.000000
-0.002810 -0.005126 -0.004859 10100.244952 1879.566688 -5608.570170 5.000000
-0.001688 -0.002999 -0.002912 8546.146079 266.096693 -4789.044845 4.000000
-0.000150 -0.003066 -0.000259 9830.294931 777.062272 -4162.142277 4.000000
-0.000010 -0.000000 -0.000011 1462.017188 -2.969696 -2701.580540 4.000000
-0.000187 -0.003148 -0.000307 6873.929746 2739.927438 -3040.057203 3.000000
-0.001067 -0.002592 -0.001836 8744.594948 1447.432316 -4299.983118 4.000000
-0.000241 -0.003119 -0.000410 7970.412773 1809.812887 -3192.564282 4.000000
-0.001218 -0.002875 -0.002099 10230.419946 4273.559470 -6474.657320 5.000000
-0.000263 -0.002882 -0.000438 6395.412328 4094.972401 -3369.483786 4.000000
-0.000026 -0.005904 -0.000035 6270.749695 -261.181747 -1716.506422 4.000000
-0.000174 -0.002775 -0.000299 9258.368725 2319.475315 -4424.833859 5.000000
-0.000170 -0.003038 -0.000281 7327.928088 1906.995880 -2991.279172 5.000000
-0.008866 -0.004973 -0.007470 1351.812592 -1828.836775 -2487.564786 3.000000
-0.000620 -0.002605 -0.001055 7651.037674 2776.308107 -4221.655800 4.000000
-0.000669 -0.004695 -0.001142 8293.054846 2834.783216 -3759.867491 4.000000
-0.000588 -0.003302 -0.001005 9657.774466 1952.436147 -4554.188201 4.000000
-0.001011 -0.001913 -0.001740 8196.040285 235.523961 -4685.796408 4.000000
-0.003298 -0.004082 -0.005694 7986.630653 -1701.500018 -6502.221336 5.000000
-0.002782 -0.001732 -0.004811 9786.733894 482.624622 -7645.590640 5.000000
-0.003151 -0.002604 -0.005441 8757.991233 1054.819810 -5800.084330 4.000000
-0.000205 -0.002716 -0.000354 8356.000141 1511.486028 -3585.027095 4.000000
-0.000231 -0.002930 -0.000388 7236.219999 2753.211465 -3231.244119 4.000000
-0.000925 -0.002405 -0.001589 8041.977729 3063.511247 -4099.639932 4.000000
-0.000006 -0.000000 -0.000009 1442.793675 1.504142 -2700.065197 4.000000
-0.000100 -0.001575 -0.000169 6935.811575 3540.253859 -4243.092851 4.000000
-0.000339 -0.003010 -0.000575 7536.063507 1504.187177 -3014.399313 4.000000
-0.000381 -0.003168 -0.000647 8483.386374 3404.313645 -4118.686733 4.000000
-0.000063 -0.004783 -0.000106 7252.981474 2874.334156 -3936.296990 4.000000
-0.001709 0.000091 -0.002946 7240.169397 3684.511978 -7372.097113 5.000000
-0.004253 -0.000578 -0.007356 7616.308833 4732.247011 -7981.959151 4.000000
-0.000927 -0.004222 -0.001604 7985.575921 2863.620213 -3649.607472 3.000000
-0.000135 -0.003126 -0.000220 7565.750548 563.893429 -2848.310373 4.000000
-0.001133 -0.003206 -0.001946 6771.386103 3797.869003 -5439.361032 4.000000
-0.000233 -0.003241 -0.000390 7588.609313 1199.425792 -3089.508120 4.000000
-0.000264 -0.002672 -0.000454 9587.748506 1420.974950 -4197.884941 4.000000
-0.003277 -0.001684 -0.005659 6897.828263 3503.133906 -7472.816550 4.000000
-0.000471 -0.003428 -0.000815 8555.082210 4002.615721 -5685.805945 4.000000
-0.000007 -0.002408 -0.000003 7605.938465 1496.356304 -3098.290082 4.000000
-0.002255 -0.003665 -0.003889 8084.962868 638.620930 -5862.256065 4.000000
-0.003855 -0.000721 0.000213 -1577.647212 713.125143 231.405797 3.000000
-0.000112 -0.003142 -0.000192 8601.004002 1387.205561 -3034.952517 4.000000
-0.000217 -0.002169 -0.000364 8724.081666 1090.557361 -3868.448697 4.000000
-0.000043 -0.000000 -0.000063 3612.208050 9.097852 -3944.853750 4.000000
-0.000243 -0.004503 -0.000415 7132.122205 3018.423582 -3896.655308 4.000000
-0.001891 -0.001952 -0.003271 9333.668706 188.166871 -6405.707275 4.000000
-0.000730 -0.004438 -0.001257 8798.513928 2042.006921 -4448.270798 4.000000
-0.000264 -0.002418 -0.000436 7320.930241 2923.687072 -4052.432725 4.000000
-0.005816 -0.002740 -0.010054 8048.130256 -821.546007 -6465.727225 4.000000
-0.001606 -0.002725 -0.002764 8056.732105 1542.295889 -4502.214718 4.000000
-0.000258 -0.001591 -0.000438 6643.135225 2834.894429 -4253.552720 4.000000
-0.001798 -0.001735 -0.003091 8301.114423 -225.615510 -5202.287440 5.000000
-0.000980 -0.004996 -0.001685 8392.074932 2088.538048 -4310.784927 4.000000
-0.000034 -0.003746 -0.000045 7779.648085 1983.943998 -2495.578102 4.000000
-0.000033 -0.000000 -0.000054 3898.643072 -3.690046 -4114.353851 4.000000
-0.001580 -0.002517 -0.002715 8923.920918 889.058216 -5105.039838 4.000000
-0.000021 -0.002975 -0.000017 7893.990293 1522.664454 -2620.207833 4.000000
-0.004944 -0.003173 -0.008545 8312.250657 -1593.129460 -6300.829196 4.000000
-0.000306 -0.003231 -0.000517 7039.713357 2279.216536 -3401.492487 5.000000
-0.000114 -0.003209 -0.000179 7331.650276 2083.080396 -2575.379926 5.000000
-0.000281 -0.004108 -0.000471 5793.719460 3496.425026 -4303.921717 4.000000
-0.000221 -0.002711 -0.000369 6586.929323 3069.705166 -3589.765066 4.000000
0.000008 -0.002276 0.000014 7762.657219 2157.936293 -3912.141743 4.000000
-0.001083 -0.003359 -0.001862 8182.118576 2323.861742 -4427.379741 4.000000
-0.003889 -0.002396 -0.006727 9666.014960 1972.058203 -6465.279280 5.000000
-0.000458 -0.003062 -0.000785 7753.047985 -808.474511 -3550.727702 4.000000
-0.000380 -0.003089 -0.000656 7757.828038 3057.394168 -3591.680882 4.000000
-0.000117 -0.002260 -0.000186 6780.493500 2360.525282 -3108.362148 4.000000
-0.000010 -0.001869 -0.000008 7016.156884 3681.403606 -3394.583285 4.000000
-0.001914 -0.003024 -0.003297 8355.068308 2065.279378 -3669.639784 4.000000
-0.000226 -0.002256 -0.000378 7833.541425 3528.982879 -4143.977956 4.000000
-0.000581 -0.005438 -0.000997 5790.921519 -65.093121 -2354.743303 4.000000
-0.004108 -0.002889 -0.007090 7743.491598 -2184.224102 -7498.806306 5.000000
-0.003719 -0.002031 -0.006435 7925.987533 1978.283864 -5934.265651 3.000000
0.000519 -0.004532 0.000908 5525.920736 3056.646397 -2102.369966 3.000000
-0.000903 -0.003411 -0.001558 8138.850244 2889.693016 -5561.040692 4.000000
-0.000250 -0.002384 -0.000428 7431.311221 2311.020875 -3882.184851 4.000000
-0.003114 -0.003088 -0.005373 7522.822939 1630.369472 -4877.573521 4.000000
-0.001580 -0.005345 -0.002721 8336.374768 2702.875261 -5334.443668 4.000000
-0.004628 -0.002564 -0.008000 8044.344009 -1457.353609 -6783.444967 5.000000
-0.000348 -0.002258 -0.000598 9183.783268 1439.999009 -4689.035710 4.000000
-0.000695 -0.001817 -0.001185 6425.504129 3237.522841 -5639.858096 5.000000
-0.000549 -0.006054 -0.000944 6340.651346 978.061726 -2252.608304 3.000000
-0.000713 -0.002883 -0.001220 6862.251622 1206.073585 -3398.812375 5.000000
-0.000123 -0.003379 -0.000209 8402.368120 672.103605 -3060.877753 5.000000
-0.000106 -0.002911 -0.000166 7165.693889 1330.212415 -2777.044996 4.000000
-0.003323 -0.003006 -0.005746 9379.058313 1808.138823 -5645.625057 4.000000
-0.000319 -0.002046 -0.000534 7681.067494 3133.540174 -4256.996516 4.000000
-0.000006 -0.000000 -0.000010 1462.468537 1.447337 -2708.402311 4.000000
-0.000188 -0.006338 -0.000324 6618.117504 178.842310 -2181.982626 4.000000
-0.000817 -0.004008 -0.001398 6710.863017 3997.786464 -5434.300288 5.000000
-0.002917 -0.002977 -0.005039 9013.693559 1445.310520 -6045.733968 4.000000
-0.001633 -0.003394 -0.002817 7530.978327 4027.276849 -7468.918868 4.000000
-0.000120 -0.003072 -0.000207 8236.990464 1785.312657 -3332.043893 4.000000
-0.000063 -0.002454 -0.000102 6916.319898 3404.707059 -4124.264408 4.000000
-0.000363 -0.003219 -0.000612 6831.754842 2580.744337 -3078.607403 4.000000
-0.000236 -0.002783 -0.000393 6915.526615 3136.179216 -3146.646376 5.000000
-0.002574 -0.002471 -0.004441 9651.902734 -1139.722924 -6563.647975 5.000000
-0.002586 -0.002146 -0.004471 8088.586940 2143.193933 -5606.396077 5.000000
-0.000213 -0.002501 -0.000367 7608.798661 3095.686242 -4018.135408 4.000000
-0.002498 -0.001553 -0.004320 7810.246836 3340.849034 -5897.939854 3.000000
-0.001807 -0.004501 -0.003127 9929.950596 2696.650782 -6049.360733 4.000000
-0.002156 -0.004339 -0.003729 9065.679462 1809.829760 -5021.262094 4.000000
-0.000926 -0.002699 -0.001591 8080.576409 2658.506905 -4528.165428 6.000000
-0.000633 -0.005875 -0.001081 7246.861446 2586.837147 -3119.779908 4.000000
-0.000471 -0.001826 -0.000801 8550.710773 3104.284308 -5461.796008 5.000000
-0.000171 -0.006326 -0.000287 6318.276770 572.843313 -1970.425465 4.000000
-0.000228 -0.002024 -0.000387 8062.167052 3805.213932 -5024.046991 6.000000
-0.000198 -0.002868 -0.000323 7958.155666 2940.673339 -3418.836432 4.000000
-0.001677 -0.002545 -0.002894 8326.756454 1317.969124 -4813.740339 4.000000
-0.002109 -0.001588 -0.003649 8070.211552 3782.715150 -5985.590211 3.000000
-0.002765 -0.001335 -0.004771 8486.799909 -529.622357 -5620.525202 5.000000
-0.000211 -0.002896 -0.000365 8203.591635 1625.363151 -3509.904021 5.000000
-0.001482 -0.001526 -0.002552 9376.414407 2018.295961 -6342.924413 5.000000
-0.000314 -0.005318 -0.000543 7979.660289 2310.049808 -3756.947955 4.000000
-0.002175 -0.001635 -0.003760 9126.018631 3579.582160 -6393.477417 4.000000
-0.001446 -0.003152 -0.002504 8623.375618 3415.891604 -5716.914972 4.000000
-0.001822 -0.004994 -0.003145 9484.293249 1344.376440 -6039.639181 4.000000
-0.003272 -0.003595 -0.005665 10647.321531 -1017.928288 -6322.264453 5.000000
-0.004329 -0.002806 -0.007498 9537.953505 -1077.163505 -7555.040993 4.000000
-0.000368 -0.002738 -0.000630 7257.420861 1421.111064 -3614.641752 4.000000
-0.000786 -0.002532 -0.001350 8468.889006 2103.489355 -4246.762972 3.000000
-0.001063 -0.003407 -0.001827 7067.667808 1774.978092 -3498.177979 4.000000
-0.001564 -0.002060 -0.002708 9033.743379 2141.039863 -5454.339125 3.000000
-0.000930 -0.002658 -0.001593 7378.757020 2838.587400 -4480.438141 4.000000
-0.000294 -0.001406 -0.000506 6776.662236 3129.025326 -4594.282522 4.000000
-0.001972 -0.002727 -0.003397 7498.683693 -63.874549 -5137.346778 5.000000
-0.000102 -0.002180 -0.000169 8933.132637 2189.930997 -4027.781811 5.000000
-0.001917 -0.004319 -0.003317 9971.649848 1972.539632 -5800.029524 5.000000
-0.000135 -0.006037 -0.000220 7339.675195 1049.664551 -3004.798344 4.000000
-0.003762 -0.002155 -0.006496 7935.093409 3839.380224 -6269.291118 4.000000
-0.001519 -0.003913 -0.002615 7750.158285 3239.091987 -6335.499877 5.000000
0.000058 -0.003047 0.000107 7171.535718 3185.711115 -3774.413947 4.000000
-0.002377 -0.003156 -0.004098 6848.355456 2222.153062 -5455.009368 4.000000
-0.001969 -0.002601 -0.003390 7167.620409 2651.650944 -4923.871696 4.000000
-0.001250 -0.004131 -0.002158 8509.509824 1825.498284 -4825.822128 4.000000
-0.000504 -0.003254 -0.000864 7273.753619 2593.460129 -3634.753603 4.000000
-0.000004 -0.000000 -0.000005 358.052409 -5.871289 -2074.780582 4.000000
-0.000041 -0.000001 -0.000063 3859.265402 -12.827546 -4076.729921 4.000000
-0.001400 -0.003926 -0.002407 7792.625570 2126.676800 -4800.689469 4.000000
-0.000235 -0.003467 -0.000395 7332.970409 2273.117224 -3211.917061 4.000000
-0.001919 -0.002579 -0.003308 9324.971964 1451.092170 -4972.083438 4.000000
-0.001993 -0.003128 -0.003433 7814.783542 2260.372578 -4057.964773 4.000000
-0.001587 -0.004594 -0.002727 7679.935157 3029.784576 -5358.202568 5.000000
-0.000195 -0.002875 -0.000319 8340.275555 1112.159993 -3236.404834 5.000000
-0.001290 -0.004242 -0.002217 9633.128295 2551.719532 -5828.826908 5.000000
-0.000280 -0.003860 -0.000482 8013.410615 1829.017218 -3377.886255 4.000000
-0.000010 -0.000000 -0.000011 1450.619993 -17.383103 -2699.959405 5.000000
-0.001752 -0.003633 -0.003030 10563.896890 1222.856242 -5176.990585 4.000000
-0.003579 -0.002893 -0.006181 7518.559207 -914.964318 -4836.666025 4.000000
0.000040 -0.002700 0.000086 6810.926983 3188.119686 -2987.601953 3.000000
0.000023 -0.001972 0.000047 9148.290230 1257.033856 -3679.609006 5.000000
-0.004280 -0.005633 -0.007404 10739.057759 2159.130463 -6980.044125 5.000000
-0.000216 -0.002548 -0.000371 8023.615695 1516.499668 -3257.731390 4.000000
-0.000314 -0.002602 -0.000525 8377.960704 3211.883588 -4872.581534 5.000000
-0.002630 -0.003197 -0.004534 8518.378527 696.154528 -4016.093464 5.000000
-0.004008 -0.003113 -0.006924 6892.504105 3830.261286 -7353.102979 4.000000
-0.002837 -0.002796 -0.004899 8369.615012 -100.487697 -4744.578321 5.000000
-0.001183 -0.001784 -0.002048 7164.623013 2853.544336 -4765.504635 4.000000
-0.001408 -0.003442 -0.002424 8326.180029 2984.246491 -5668.616537 5.000000
-0.000172 -0.002744 -0.000281 8222.324900 2446.565526 -3608.771926 4.000000
-0.002661 -0.004385 -0.004593 9730.106340 -892.444607 -5374.504824 4.000000
-0.002291 -0.004058 -0.003947 7544.114532 1167.954496 -4174.843818 4.000000
-0.002564 -0.002362 -0.004427 7811.201166 1053.309558 -5229.484689 4.000000
-0.002411 -0.005304 -0.004160 8386.252912 1512.205293 -4281.353408 4.000000
-0.001027 -0.003395 -0.001777 9341.420111 3355.064564 -4937.957203 4.000000
-0.000760 -0.002915 -0.001304 7115.099976 800.411223 -3588.336003 4.000000
-0.000534 -0.003993 -0.000915 7285.489786 1970.511905 -3528.690570 4.000000
-0.001238 -0.001887 -0.002132 7758.433003 3246.992541 -4833.515595 4.000000
-0.000124 -0.001916 -0.000202 6559.338875 3106.600285 -3704.204426 4.000000
-0.001998 -0.003806 -0.003447 8209.807526 3201.283402 -6336.013387 4.000000
-0.000836 -0.001906 -0.001423 8433.688426 3195.940173 -5668.900094 5.000000
-0.000326 -0.002722 -0.000562 8020.781207 55.540550 -3442.900438 4.000000
-0.000926 -0.002925 -0.001602 10433.974774 1971.559123 -5972.288737 4.000000
-0.000162 -0.003302 -0.000276 8366.611978 -295.818966 -3267.275396 4.000000
-0.002093 -0.002544 -0.003619 8036.669267 3091.884519 -7683.330153 4.000000
-0.000285 -0.002676 -0.000483 6558.597753 3417.989521 -4015.528101 4.000000
-0.000097 -0.006181 -0.000168 6759.337930 -179.215903 -2008.079900 4.000000
-0.001607 -0.001945 -0.002776 9233.025903 3110.397995 -5778.037772 4.000000
-0.004342 -0.003295 -0.007509 6866.040254 -1372.613652 -6625.696440 3.000000
-0.000908 -0.002859 -0.001569 8384.328290 3470.637599 -5275.630921 3.000000
-0.000863 -0.002960 -0.001487 8356.345064 2666.619188 -4852.507085 4.000000
-0.000012 -0.002328 -0.000012 9183.919736 2364.653753 -3443.819858 3.000000
-0.000100 -0.003038 -0.000164 8007.352447 90.238991 -2736.746147 4.000000
-0.001396 -0.003835 -0.002395 8551.952141 2185.935443 -4729.433556 4.000000
-0.002851 -0.003459 -0.004928 7696.217884 3155.043805 -5591.872238 4.000000
0.000026 -0.002958 0.000047 8115.770161 2606.135135 -3401.013200 4.000000
-0.001723 -0.002525 -0.002969 7861.596643 1083.436114 -4213.815915 5.000000
-0.000032 -0.000001 -0.000054 4078.410995 -19.762347 -4215.506030 4.000000
-0.001060 -0.003354 -0.001829 9445.408940 2499.692579 -5696.956596 5.000000
-0.000027 -0.002087 -0.000042 8624.483652 3812.144481 -4573.938777 4.000000
-0.002239 -0.003261 -0.003865 8280.337055 -936.094718 -5231.964885 5.000000
-0.001123 -0.003005 -0.001926 7605.720362 2068.435735 -4104.886788 4.000000
-0.001100 -0.003161 -0.001891 8865.606751 1886.285304 -3900.085060 4.000000
-0.003149 -0.001892 -0.005433 7907.427749 -285.434726 -6507.145294 5.000000
-0.000281 -0.001784 -0.000478 8616.649481 2996.586304 -4396.723934 4.000000
-0.000664 -0.002376 -0.001139 7983.483972 2814.954077 -4936.647715 4.000000
-0.001087 -0.002544 -0.001878 9681.463978 2280.093689 -5866.659811 4.000000
-0.000199 -0.002693 -0.000342 8919.766788 2916.590097 -4702.899828 4.000000
-0.000239 -0.005636 -0.000410 6273.231822 1274.147386 -2207.744375 4.000000
-0.002295 -0.001900 -0.003959 6996.987474 3922.760308 -5471.297909 3.000000
-0.003013 -0.004260 -0.005216 10670.693126 399.165126 -6476.693506 4.000000
-0.001070 -0.004069 -0.001840 7174.990248 2326.857105 -3236.326517 3.000000
-0.001840 -0.005050 -0.003179 10359.878970 1369.484120 -5318.612901 4.000000
-0.002779 -0.003360 -0.004797 7588.343511 1319.925200 -4598.787592 4.000000
-0.000100 -0.006188 -0.000167 6335.780609 155.668940 -1950.063421 4.000000
-0.001741 -0.001974 -0.003009 6506.231603 4586.076382 -4786.364216 4.000000
-0.000238 -0.006138 -0.000399 7631.665041 1142.649101 -2786.042058 4.000000
-0.002538 -0.003116 -0.004388 8964.790952 -1248.668100 -6456.008265 4.000000
-0.007211 -0.002850 -0.012489 8996.226972 -111.072406 -6933.975551 4.000000
-0.000146 -0.003269 -0.000251 8354.661743 411.429288 -3104.067520 4.000000
-0.000209 -0.003139 -0.000358 8164.548828 198.038752 -3287.563283 4.000000
-0.002766 -0.003357 -0.004778 9288.745767 326.052052 -5543.465465 4.000000
-0.000313 -0.002529 -0.000538 8602.914212 2866.134300 -4902.676330 4.000000
-0.000724 -0.002875 -0.001236 7680.808350 1995.496686 -4328.461527 3.000000
0.000088 -0.006533 0.000161 8089.866763 835.641877 -2768.787597 3.000000
-0.004449 -0.004679 -0.007699 9257.078767 611.288656 -7077.476995 4.000000
-0.000211 -0.002785 -0.000362 9451.139147 1175.716404 -4157.906566 4.000000
-0.003335 -0.004362 -0.005775 8576.368775 1623.149462 -5764.817864 3.000000
-0.000302 -0.002433 -0.000518 8684.936656 3586.466507 -4678.867509 5.000000
-0.000344 -0.005714 -0.000579 7314.554461 2020.788395 -2704.152080 4.000000
0.000008 -0.003269 0.000025 7939.485581 1547.843962 -2557.377964 3.000000
-0.002119 -0.002962 -0.003668 9027.882623 1333.540010 -5305.666781 5.000000
-0.000088 -0.006328 -0.000144 6330.679545 531.878143 -1875.430533 4.000000
-0.000135 -0.004575 -0.000222 7175.590732 2829.528818 -3193.290563 4.000000
-0.000133 -0.005799 -0.000213 7205.910502 1523.282996 -2656.728111 3.000000
-0.001210 -0.001289 -0.002092 8404.757236 2875.764581 -7733.703100 4.000000
-0.000041 -0.005629 -0.000068 7904.489377 2203.842880 -3405.867792 4.000000
-0.000447 -0.002091 -0.000767 9703.182799 1897.795501 -5450.816918 5.000000
-0.000417 -0.002972 -0.000707 7641.719801 2591.478729 -4424.279127 4.000000
-0.000309 -0.006348 -0.000522 6013.969880 194.149351 -1796.801409 3.000000
-0.004106 -0.003459 -0.007091 9151.848778 211.874839 -5476.973889 4.000000
-0.000153 -0.002585 -0.000251 6891.499143 2632.232835 -3422.079906 4.000000
-0.002185 -0.002271 -0.003778 8822.494309 3176.262169 -4908.681379 4.000000
-0.000938 -0.001583 -0.001612 7799.579495 -723.234273 -5210.178309 4.000000
-0.003916 -0.003388 -0.006780 9644.628652 481.367888 -5596.524984 3.000000
0.000121 -0.002903 0.000225 7371.163689 1394.634797 -2488.053127 4.000000
0.000050 -0.002820 0.000100 7563.379636 1995.946994 -2585.798014 4.000000
-0.000418 -0.002213 -0.000708 8466.154347 1979.515315 -3498.585108 4.000000
-0.006896 -0.004780 -0.011928 6707.350390 -2540.237468 -8496.013894 4.000000
-0.000167 -0.002711 -0.000286 7668.907766 2668.014866 -3616.645285 4.000000
-0.000017 -0.000000 -0.000026 3102.984934 -10.692439 -3640.307389 4.000000
-0.002186 -0.003352 -0.003775 7386.665263 2850.548037 -5608.234213 4.000000
-0.000243 -0.005767 -0.000415 9303.054640 2930.569992 -3944.661590 4.000000
-0.000125 -0.005841 -0.000211 6211.912688 -37.722027 -2073.793050 4.000000
-0.000045 -0.000001 -0.000066 5487.438311 21.400200 -5031.885741 4.000000
-0.001923 -0.002860 -0.003327 10575.862319 1702.707033 -5373.758707 4.000000
-0.000659 -0.002803 -0.001141 9565.633978 4088.387939 -6621.045338 5.000000
-0.001097 -0.003036 -0.001892 9725.280149 1818.311634 -5566.714384 5.000000
-0.001920 -0.003708 -0.003321 8813.001899 318.887335 -5213.779155 4.000000
-0.000886 -0.001907 -0.001521 8390.131816 3229.623724 -5565.722925 4.000000
-0.000685 -0.004756 -0.001170 7554.729411 3208.466668 -4192.111989 3.000000
-0.000134 -0.002616 -0.000217 7249.832670 2048.934863 -2879.800918 4.000000
-0.001112 -0.002256 -0.001910 7847.339348 1522.250856 -4563.089657 3.000000
-0.001027 -0.002326 -0.001769 9737.842630 1244.275736 -4854.060913 5.000000
-0.002972 -0.004031 -0.005128 9381.220468 1863.482710 -5684.253660 4.000000
-0.001536 -0.002041 -0.002652 9786.541153 2062.517069 -5641.867815 4.000000
-0.000027 -0.006207 -0.000039 6536.017822 -32.586723 -1767.927655 4.000000
-0.005049 -0.003300 -0.008744 9121.567714 2137.815825 -7781.840222 4.000000
-0.000034 -0.002218 -0.000050 6807.726405 3691.317302 -3958.732723 3.000000
-0.003885 -0.001941 -0.006724 8471.188462 66.293815 -5439.191288 3.000000
-0.000165 -0.003005 -0.000269 7126.150104 1439.168440 -2842.423958 5.000000
-0.003467 -0.003374 -0.006002 10472.953091 1832.657377 -6020.648046 5.000000
-0.000081 -0.005271 -0.000126 7270.392203 1648.697251 -2908.906210 4.000000
-0.001229 -0.002578 -0.002113 7692.536188 2538.084837 -4082.289751 4.000000
-0.002139 -0.003716 -0.003702 9525.067329 1100.896940 -4526.928792 3.000000
-0.002073 -0.003928 -0.003577 7416.747199 2127.588688 -7491.227316 4.000000
-0.003031 -0.002647 -0.005232 8115.496958 -559.702992 -4434.727680 4.000000
-0.004429 -0.003337 -0.007653 9318.468184 -1397.888533 -5107.762430 4.000000
-0.000155 -0.001695 -0.000264 8674.235578 3535.609326 -4707.907002 4.000000
-0.000273 -0.002013 -0.000468 7154.014068 3350.854756 -4121.890312 4.000000
-0.001988 -0.002696 -0.003443 7294.672929 2717.658754 -5084.061922 3.000000
-0.003493 -0.001773 -0.006041 9019.405611 1953.216865 -6605.671130 4.000000
-0.000284 -0.004964 -0.000483 7128.155193 2965.213073 -3624.739703 4.000000
-0.002577 -0.002442 -0.004458 8035.989239 3870.522506 -5735.532294 3.000000
-0.001024 -0.002574 -0.001758 8531.009396 1115.587432 -5714.548831 5.000000
0.000046 -0.002730 0.000088 7582.357911 2332.921733 -3065.954167 4.000000
-0.001601 -0.002550 -0.002767 8648.119820 1167.791280 -4808.938127 4.000000
-0.000116 -0.003321 -0.000193 7061.273859 3216.213729 -3593.656412 4.000000
