5.55431 -4.49634 0.241407 2.85653e+08 1.05174e+18 9.85952e+10 4.73545e+18 2.95738e+18 8.1437e+09 -8.13478e+19 6.22723e+10 -3.66259e+20 -2.2874e+20 0.159272 1.1702e+19
5.55431 -4.48486 0.27708 2.57774e+08 1.46119e+18 8.62692e+10 6.55485e+18 4.11175e+18 1.18368e+10 -1.18312e+20 8.9272e+10 -5.30624e+20 -3.32862e+20 0.181954 1.62395e+19
5.55431 -4.47345 0.323971 2.36709e+08 1.97859e+18 7.44396e+10 8.81912e+18 5.57062e+18 1.69652e+10 -1.6937e+20 1.33779e+11 -7.54935e+20 -4.76859e+20 0.21115 2.19389e+19
5.55431 -4.46224 0.393204 2.17704e+08 2.66424e+18 6.21318e+10 1.17874e+19 7.50246e+18 2.39606e+10 -2.39173e+20 1.88871e+11 -1.05806e+21 -6.73447e+20 0.255488 2.94566e+19
5.5543 -4.45131 0.487775 2.04489e+08 3.56189e+18 5.10389e+10 1.56502e+19 1.00301e+19 3.43524e+10 -3.43695e+20 2.43019e+11 -1.51009e+21 -9.67816e+20 0.317087 3.92722e+19
5.5543 -4.44083 0.611842 1.9783e+08 4.81069e+18 4.17564e+10 2.10234e+19 1.35487e+19 4.83683e+10 -4.83084e+20 3.61394e+11 -2.11114e+21 -1.36055e+21 0.398511 5.29315e+19
5.5543 -4.43091 0.760929 1.99044e+08 6.49341e+18 3.47253e+10 2.83077e+19 1.83191e+19 6.82833e+10 -6.82824e+20 4.91143e+11 -2.97669e+21 -1.92637e+21 0.498035 7.14393e+19
5.5543 -4.42166 0.924985 2.07567e+08 8.69557e+18 2.97636e+10 3.79698e+19 2.46523e+19 9.06324e+10 -9.06412e+20 6.54713e+11 -3.95764e+21 -2.56958e+21 0.607593 9.59699e+19
5.5543 -4.41335 1.09135 2.20756e+08 1.1514e+19 2.6417e+10 5.0614e+19 3.29451e+19 1.1333e+11 -1.13318e+21 8.29794e+11 -4.98131e+21 -3.24237e+21 0.715849 1.28018e+20
5.5543 -4.406 1.24399 2.36426e+08 1.44748e+19 2.43873e+10 6.43837e+19 4.19919e+19 1.32408e+11 -1.32397e+21 9.75375e+11 -5.88828e+21 -3.84051e+21 0.813949 1.62842e+20
5.55429 -4.39975 1.38673 2.49453e+08 1.74653e+19 2.30966e+10 7.92842e+19 5.17683e+19 1.35565e+11 -1.3558e+21 1.01898e+12 -6.15426e+21 -4.01848e+21 0.903372 2.00286e+20
5.55429 -4.39488 1.51064 2.5859e+08 2.0134e+19 2.22989e+10 9.33875e+19 6.09887e+19 1.19814e+11 -1.19832e+21 9.20421e+11 -5.55759e+21 -3.62956e+21 0.976824 2.35499e+20
5.55429 -4.38847 1.64529 2.73072e+08 2.32898e+19 2.20797e+10 1.11651e+20 7.28303e+19 2.9616e+11 -2.96215e+21 2.34668e+12 -1.42e+22 -9.26281e+21 1.05363 2.80602e+20
5.55429 -4.3775 1.86037 2.86922e+08 2.68895e+19 2.22114e+10 1.40773e+20 9.10037e+19 5.48084e+11 -5.47976e+21 4.72442e+12 -2.86882e+22 -1.85461e+22 1.1995 3.4967e+20
5.55429 -4.36212 2.22959 2.5349e+08 2.35361e+19 2.07996e+10 1.56513e+20 9.62762e+19 6.77883e+11 -6.77442e+21 7.28094e+12 -4.50571e+22 -2.77167e+22 1.49947 3.72601e+20
5.55428 -4.34244 2.99082 1.55887e+08 1.12799e+19 1.59189e+10 1.25999e+20 6.14738e+19 4.59106e+11 -4.59329e+21 7.62863e+12 -5.12654e+22 -2.50131e+22 2.32284 2.60226e+20
5.55428 -4.31831 4.64635 6.65449e+07 3.21721e+18 1.03098e+10 7.70232e+19 2.34418e+19 2.05277e+11 -2.05667e+21 6.40938e+12 -4.91206e+22 -1.49454e+22 5.46949 1.27124e+20
5.55427 -4.28953 6.92816 2.71112e+07 8.55328e+17 6.52148e+09 3.94105e+19 9.28689e+18 8.15914e+10 -8.1534e+20 4.63862e+12 -3.75502e+22 -8.85049e+21 11.3247 5.88397e+19
5.55427 -4.25581 14.5486 9.7206e+06 2.17937e+17 2.89279e+09 1.60655e+19 4.7704e+18 3.00378e+10 -2.94927e+20 2.86515e+12 -2.21199e+22 -6.56522e+21 17.8 2.58243e+19
5.55426 -4.21639 28.0492 4.94217e+06 9.07706e+16 1.39811e+09 6.27715e+18 2.98705e+18 1.69501e+10 -1.73431e+20 1.72545e+12 -1.16565e+22 -5.57757e+21 22.1759 1.2342e+19
5.55425 -4.17005 43.1796 3.08295e+06 4.39803e+16 8.1947e+08 2.7156e+18 1.94743e+18 1.01429e+10 -1.06822e+20 1.07301e+12 -6.23231e+21 -4.4924e+21 23.7476 6.65444e+18
5.55424 -4.11456 58.4341 2.10367e+06 2.56461e+16 5.23531e+08 1.2572e+18 1.31098e+18 6.77733e+09 -6.76562e+19 6.77372e+11 -3.31814e+21 -3.46401e+21 23.8891 3.90481e+18
5.55723 -4.05797 70.3708 1.42763e+06 1.42875e+16 3.59249e+08 6.53969e+17 9.00973e+17 4.08876e+09 -4.09138e+19 4.44275e+11 -1.86812e+21 -2.57871e+21 22.9487 2.4702e+18
5.56296 -3.99393 76.7356 1.023e+06 9.13855e+15 2.60604e+08 3.66514e+17 6.32326e+17 2.75536e+09 -2.75308e+19 3.00766e+11 -1.103e+21 -1.90635e+21 21.485 1.6403e+18
5.57027 -3.87292 78.8457 750490 6.48691e+15 1.93863e+08 2.17689e+17 4.85452e+17 1.87131e+09 -1.86868e+19 2.02611e+11 -6.25727e+20 -1.40033e+21 19.9671 1.19508e+18
5.59722 -3.71556 77.4229 552976 4.53421e+15 1.46375e+08 1.34406e+17 3.65943e+17 1.31394e+09 -1.31388e+19 1.44832e+11 -3.87981e+20 -1.06011e+21 18.3662 8.70827e+17
5.66359 -3.56528 72.137 450945 3.50511e+15 1.16797e+08 8.86265e+16 2.70384e+17 1.04247e+09 -1.04309e+19 1.06683e+11 -2.62696e+20 -8.04064e+20 16.5705 6.32899e+17
5.74507 -3.44961 65.1737 392979 2.73405e+15 1.01066e+08 7.18655e+16 2.151e+17 7.03332e+08 -7.02761e+18 7.37647e+10 -1.84346e+20 -5.53313e+20 14.9617 5.04799e+17
5.80994 -3.38843 58.3177 367373 2.25492e+15 9.27625e+07 6.05495e+16 1.63205e+17 5.43641e+08 -5.43497e+18 5.39076e+10 -1.45578e+20 -3.93478e+20 13.5205 3.89215e+17
5.8611 -3.34996 52.3193 353094 1.88916e+15 8.79662e+07 5.2753e+16 1.2701e+17 4.18021e+08 -4.17993e+18 3.97509e+10 -1.16489e+20 -2.8104e+20 12.3067 3.08661e+17
5.90139 -3.3243 47.2033 350121 1.63512e+15 8.57621e+07 4.60138e+16 1.01926e+17 3.19603e+08 -3.19591e+18 2.88985e+10 -8.97665e+19 -1.99226e+20 11.2822 2.515e+17
5.93158 -3.30916 42.852 354001 1.37984e+15 8.54319e+07 3.90982e+16 8.19253e+16 2.37809e+08 -2.3781e+18 2.08455e+10 -6.72567e+19 -1.41194e+20 10.3879 2.04329e+17
5.95721 -3.29717 39.1727 364671 1.15218e+15 8.65388e+07 3.21278e+16 6.58397e+16 1.69204e+08 -1.69205e+18 1.43784e+10 -4.71015e+19 -9.66887e+19 9.60346 1.64959e+17
5.97936 -3.28681 36.0638 380296 9.31967e+14 8.87392e+07 2.4844e+16 5.09256e+16 1.1437e+08 -1.14368e+18 9.29251e+09 -3.0428e+19 -6.2493e+19 8.90452 1.27627e+17
5.9974 -3.27874 33.3946 399743 6.90932e+14 9.19045e+07 1.69247e+16 3.51015e+16 6.80603e+07 -6.80597e+17 5.12142e+09 -1.66397e+19 -3.45746e+19 8.28476 8.78185e+16
6.01003 -3.27419 30.8446 426123 4.24398e+14 9.68021e+07 8.86052e+15 1.82657e+16 3.03698e+07 -3.03699e+17 1.93782e+09 -6.32405e+18 -1.30545e+19 7.70395 4.58163e+16
