-0.000499 -0.006702 -0.000800 4058.101171 464.870893 -785.372517 4.000000
-0.000886 -0.004029 -0.001506 5306.200589 1312.298367 -1577.299631 4.000000
-0.002263 -0.004595 -0.003832 4440.506284 685.306493 -1592.353682 4.000000
-0.002790 -0.003167 -0.004723 4214.509173 342.065295 -2751.584463 5.000000
-0.000116 -0.002697 -0.000118 3479.297588 1229.332422 -656.074486 5.000000
-0.001164 -0.003897 -0.001972 3665.127585 2388.565828 -2794.976674 4.000000
-0.005412 -0.004981 -0.009314 3189.564556 -1279.180951 -3155.626826 3.000000
-0.000300 -0.003050 -0.000464 3591.018073 3156.377194 -1603.781160 3.000000
-0.000663 -0.002006 -0.001072 3555.796552 2299.118179 -1311.074587 4.000000
-0.001803 -0.002855 -0.003020 2368.989489 3310.525740 -1245.208033 5.000000
-0.000336 -0.003076 -0.000565 3894.832178 2653.786578 -1973.563472 5.000000
-0.000612 -0.001692 -0.001048 3844.137780 2139.102141 -2919.247965 3.000000
-0.001520 -0.003091 -0.002560 3329.346827 1102.109565 -1775.981785 4.000000
-0.000680 -0.002523 -0.001071 2382.825473 2680.855802 -1573.495460 4.000000
-0.001184 -0.004533 -0.001963 2562.318207 3051.480007 -2036.005368 4.000000
-0.000393 -0.002155 -0.000604 2650.210680 2876.670164 -1640.245732 5.000000
-0.001389 -0.002603 -0.002353 3239.077398 2037.772651 -2356.162380 3.000000
-0.000138 -0.001903 -0.000198 3744.010374 3369.192390 -2048.165475 4.000000
-0.003154 -0.002681 -0.005362 2888.913388 658.602208 -2086.712525 4.000000
-0.000114 -0.002977 -0.000110 3357.899323 2245.019612 -653.297836 4.000000
0.000036 -0.002658 0.000138 2887.800582 3057.174339 -898.196737 4.000000
-0.002217 -0.004553 -0.003801 4864.620223 1807.187911 -1958.293436 4.000000
0.000016 -0.002962 0.000067 4492.489256 1314.544603 -664.938230 4.000000
-0.002471 -0.003373 -0.004192 3165.885427 1344.496487 -1661.167779 3.000000
-0.003586 -0.003243 -0.006189 3774.691636 3090.179022 -3978.894473 5.000000
-0.000479 -0.003308 -0.000742 2694.494526 2785.725056 -1630.815725 3.000000
-0.002387 -0.003411 -0.004051 3985.274442 1623.781162 -1970.765529 5.000000
-0.000677 -0.002992 -0.001155 4686.530855 2686.536903 -2114.361367 4.000000
-0.000249 -0.006125 -0.000407 4128.706478 195.879539 -811.951941 3.000000
-0.002826 -0.002966 -0.004779 1783.449581 2067.033038 -3327.984199 5.000000
-0.000032 -0.005843 0.000039 3755.610069 1270.091317 -244.252186 3.000000
-0.003449 -0.004809 -0.005897 3414.420279 -374.857864 -3355.710115 5.000000
-0.003913 -0.003401 -0.006686 3286.158389 53.836695 -2425.543459 4.000000
-0.000120 -0.006014 -0.000182 4609.404224 346.604298 -1063.373482 4.000000
-0.001972 -0.002659 -0.003386 4048.814368 3401.631643 -3192.849856 4.000000
-0.004569 -0.003471 -0.007785 4023.868520 1165.605892 -2023.785358 4.000000
-0.000913 -0.005160 -0.001505 2667.284690 2992.189551 -1990.440475 5.000000
-0.001445 -0.003025 -0.002402 3309.480315 3342.254305 -1038.257507 4.000000
-0.003203 -0.002167 -0.005473 1630.368847 1500.280748 -4020.071154 5.000000
-0.000203 -0.002122 -0.000260 4066.789522 756.106727 -735.071253 4.000000
-0.004050 -0.004611 -0.006898 3721.924755 66.732648 -2713.082313 4.000000
-0.001822 -0.002417 -0.003141 3987.886656 5220.718895 -3284.781283 4.000000
-0.000374 -0.003394 -0.000551 3625.239136 1893.507174 -805.554589 4.000000
-0.001028 -0.002589 -0.001763 5299.100261 1667.553577 -2260.138523 5.000000
-0.001585 -0.003571 -0.002672 3984.549937 -682.450101 -2493.997821 4.000000
-0.003474 -0.003375 -0.005908 2822.981497 -591.733675 -3023.902444 5.000000
-0.004651 -0.001986 -0.008027 3554.748072 526.248171 -4590.878104 4.000000
-0.000326 -0.002333 -0.000564 5096.278354 2715.479906 -2398.702840 4.000000
-0.000009 -0.002181 0.000040 2959.193609 3572.304736 -1246.069131 4.000000
-0.000083 -0.005556 -0.000114 3943.737602 1318.010556 -651.868236 4.000000
-0.000207 -0.006208 -0.000333 4401.492900 152.167719 -774.277795 4.000000
-0.000705 -0.002502 -0.001131 1952.085053 2529.890372 -1295.126213 4.000000
-0.002118 -0.003983 -0.003562 4235.330258 996.298410 -1504.722833 3.000000
0.000035 -0.002660 0.000114 4169.272261 1223.055844 -489.651376 4.000000
-0.002134 -0.005304 -0.003663 3923.698482 2555.394459 -2482.542519 4.000000
-0.001521 -0.002760 -0.002554 3246.031439 1415.880149 -1315.730225 4.000000
-0.001367 -0.003007 -0.002346 4176.814892 2116.695431 -1844.925967 4.000000
-0.000273 -0.005920 -0.000461 4716.610220 2704.304957 -1369.619705 4.000000
-0.000313 -0.002566 -0.000476 3372.049307 2333.320919 -1699.298649 4.000000
-0.001293 -0.004072 -0.002155 3390.668200 2179.254147 -1374.925354 4.000000
-0.000149 -0.004547 -0.000213 3308.994985 3323.024379 -1360.262913 4.000000
-0.000206 -0.006515 -0.000311 4167.612969 -142.141963 -464.331296 2.000000
-0.002266 -0.001414 -0.003850 3214.185122 4167.573490 -2965.494868 5.000000
-0.000406 -0.002820 -0.000685 4284.208864 2423.046923 -1526.723357 5.000000
-0.003048 -0.003448 -0.005171 2702.381433 661.815805 -2707.975008 4.000000
-0.002208 -0.002697 -0.003724 2656.146005 2153.512828 -1422.210596 3.000000
-0.000640 -0.005842 -0.001007 3155.616201 1255.583215 -1038.843402 4.000000
-0.000079 -0.002892 -0.000057 3817.316699 458.081583 -490.437232 5.000000
-0.001303 -0.003170 -0.002161 4396.855520 3038.486329 -2109.805576 5.000000
-0.002038 -0.004779 -0.003438 3183.101186 2235.906237 -3019.893675 4.000000
-0.000664 -0.001731 -0.001068 1407.465149 2602.874632 -3624.629013 4.000000
-0.001219 -0.002211 -0.002056 2863.077009 1802.927517 -1789.932024 4.000000
-0.001456 -0.003730 -0.002501 4675.313277 728.868079 -3279.246708 5.000000
-0.000235 -0.002624 -0.000352 3612.173401 2824.752260 -1573.871300 4.000000
-0.005075 -0.005470 -0.008669 3721.592666 -2321.583596 -3379.530209 4.000000
-0.000211 -0.003082 -0.000307 4201.416442 856.094045 -836.049785 3.000000
-0.001756 -0.003732 -0.002982 3161.674516 998.995285 -2673.819724 4.000000
-0.003165 -0.002978 -0.005352 4496.508949 1081.931885 -2312.208528 5.000000
-0.000437 -0.002474 -0.000731 4215.104893 3265.076576 -1871.221045 4.000000
-0.002191 -0.002153 -0.003693 2693.843425 -630.500412 -2596.290212 5.000000
-0.001612 -0.003098 -0.002689 2445.353999 1660.687976 -1975.245678 4.000000
-0.000347 -0.003444 -0.000518 2792.943564 3048.964434 -1369.775110 5.000000
-0.001584 -0.003251 -0.002662 2604.644841 1371.562076 -1729.055079 4.000000
-0.001176 -0.002445 -0.001989 3124.478639 2652.208992 -1732.502466 4.000000
-0.000141 -0.006235 -0.000192 3872.238727 69.724997 -454.813211 4.000000
-0.001864 -0.004231 -0.003150 3313.023654 2543.095625 -2125.629743 4.000000
-0.003118 -0.003093 -0.005391 5012.011407 2093.252105 -2958.093762 4.000000
-0.000597 -0.001680 -0.000960 3024.995632 2689.508952 -2094.794699 5.000000
-0.000316 -0.001992 -0.000449 1893.506148 3292.947501 -1669.924971 4.000000
-0.000092 -0.005864 -0.000087 3465.297669 164.918834 -318.084940 4.000000
-0.000535 -0.001513 -0.000924 4316.532851 2740.500412 -2960.736967 4.000000
-0.001181 -0.001367 -0.002013 2593.266561 2027.483116 -3834.211260 4.000000
0.000010 -0.001641 0.000080 3631.967250 3276.445542 -879.761822 5.000000
-0.002834 -0.001102 -0.004812 2245.286765 182.974983 -2883.771941 4.000000
-0.001781 -0.005331 -0.003010 3484.944595 973.229407 -2019.255606 3.000000
-0.000841 -0.001829 -0.001413 3196.421134 3287.260155 -2375.488780 3.000000
-0.000521 -0.002845 -0.000847 3017.387116 2960.861525 -1586.453692 5.000000
-0.002452 -0.003101 -0.004239 6072.919050 1143.104495 -3819.808293 4.000000
-0.000803 -0.003242 -0.001381 5005.984640 1782.248655 -2068.034836 4.000000
-0.001038 -0.003204 -0.001697 3730.303989 2002.090704 -1161.104927 4.000000
