-9.898989898989898339e-01 1.756104230758063838e-04 -7.677798697801975214e-01 2.728524542607728247e-03
-9.696969696969697239e-01 3.112657310230432283e-04 -7.578664357853227562e-01 4.678615250911991388e-03
-9.494949494949493918e-01 4.367753573217218310e-04 -7.494256545730412222e-01 6.542908576988831770e-03
-9.292929292929292817e-01 5.530992670344114402e-04 -7.384734503307899267e-01 8.298135629289221313e-03
-9.090909090909091717e-01 6.702050521554299293e-04 -7.294036808416596296e-01 1.006970825122564459e-02
-8.888888888888888395e-01 7.836426578655894537e-04 -7.217472521004323349e-01 1.175287902586177186e-02
-8.686868686868687295e-01 9.095726270187939671e-04 -7.118377781706106688e-01 1.364168996079917658e-02
-8.484848484848483974e-01 1.023084801174357168e-03 -7.019830691204353990e-01 1.535369197159933141e-02
-8.282828282828282873e-01 1.131128672932190564e-03 -6.901909570117827908e-01 1.702151778658096692e-02
-8.080808080808079552e-01 1.250596370207626576e-03 -6.796476087504168540e-01 1.876705466550435131e-02
-7.878787878787878451e-01 1.373614098507725846e-03 -6.674419812382726969e-01 2.061265852780956934e-02
-7.676767676767677351e-01 1.482778985074723532e-03 -6.577180953586447831e-01 2.220848739351686044e-02
-7.474747474747474030e-01 1.587433875554488793e-03 -6.451032382843873147e-01 2.379656501730659235e-02
-7.272727272727272929e-01 1.677540831785300727e-03 -6.325523457240371794e-01 2.519180120723138114e-02
-7.070707070707069608e-01 1.762269058230252986e-03 -6.222426929113303862e-01 2.650837815256194829e-02
-6.868686868686868507e-01 1.862591363696633386e-03 -6.106840891690539230e-01 2.787630382806755014e-02
-6.666666666666665186e-01 1.955475975669280966e-03 -5.969086642228002004e-01 2.930397900179067955e-02
-6.464646464646464086e-01 2.035075114515159846e-03 -5.831093786012241376e-01 3.054751545992632003e-02
-6.262626262626262985e-01 2.116300508971670578e-03 -5.681114842514624064e-01 3.177259611616255197e-02
-6.060606060606059664e-01 2.206860907700620121e-03 -5.541445499461048474e-01 3.310661793258758145e-02
-5.858585858585858563e-01 2.270445700068366834e-03 -5.370429507896953281e-01 3.401135631489666383e-02
-5.656565656565655242e-01 2.351864414539048438e-03 -5.229932294181777186e-01 3.527444831471016062e-02
-5.454545454545454142e-01 2.420485555185497399e-03 -5.080080803627751163e-01 3.631140313961954413e-02
-5.252525252525253041e-01 2.499408601766527505e-03 -4.915631605723521091e-01 3.749076004021503761e-02
-5.050505050505049720e-01 2.565557070858864343e-03 -4.743112678258603054e-01 3.851244242415035463e-02
-4.848484848484848064e-01 2.652807656022257432e-03 -4.581157400230950194e-01 3.973832946900887619e-02
-4.646464646464645853e-01 2.723211804350110510e-03 -4.435223614098265932e-01 4.091122814111613354e-02
-4.444444444444444753e-01 2.802935424999186773e-03 -4.264986790387066407e-01 4.197845252858388443e-02
-4.242424242424242542e-01 2.854334044476754782e-03 -4.087599746200015760e-01 4.278938173013566160e-02
-4.040404040404040331e-01 2.907905704566034113e-03 -3.910205176070271071e-01 4.369304537778475467e-02
-3.838383838383838120e-01 2.970326052979466863e-03 -3.761413266596453919e-01 4.453864125050600170e-02
-3.636363636363635909e-01 3.018112589025327090e-03 -3.607066504672254981e-01 4.526727031904975718e-02
-3.434343434343433699e-01 3.062712209954577148e-03 -3.463003710110462707e-01 4.595486147462309046e-02
-3.232323232323232598e-01 3.152350040940392079e-03 -3.275162759919108546e-01 4.718118999595498353e-02
-3.030303030303030387e-01 3.184813628530720839e-03 -3.089253986676790409e-01 4.777309894823712766e-02
-2.828282828282828176e-01 3.198163566794819807e-03 -2.895374466833179894e-01 4.805714220259890007e-02
-2.626262626262625965e-01 3.243770879607610694e-03 -2.713286808354596902e-01 4.872834436009954723e-02
-2.424242424242423755e-01 3.304459415460397030e-03 -2.528760471653352937e-01 4.947636521588550523e-02
-2.222222222222222654e-01 3.352242483206470999e-03 -2.344977667194985127e-01 5.017867132090755161e-02
-2.020202020202020443e-01 3.371219059293323241e-03 -2.168858970977356471e-01 5.052889085168709576e-02
-1.818181818181818232e-01 3.418536394696364798e-03 -1.979112703171218290e-01 5.114120966139056729e-02
-1.616161616161616021e-01 3.458964404961003668e-03 -1.799499419474391293e-01 5.175317257112795749e-02
-1.414141414141413811e-01 3.474909234647768647e-03 -1.613155532984268947e-01 5.218793061649599357e-02
-1.212121212121211600e-01 3.485096762087225818e-03 -1.431021145068610001e-01 5.222933480707163401e-02
-1.010101010101010499e-01 3.499652990096537540e-03 -1.251124339121099660e-01 5.247240010924215242e-02
-8.080808080808082883e-02 3.510910488020044413e-03 -1.049142114273912962e-01 5.262454643869487331e-02
-6.060606060606060774e-02 3.512948792724843346e-03 -8.407351564462271776e-02 5.268496175932249614e-02
-4.040404040404038666e-02 3.518255215999942405e-03 -6.474220898449807582e-02 5.275940979250186985e-02
-2.020202020202016557e-02 3.528072690931773753e-03 -4.439092940499070328e-02 5.300221592457866893e-02
5.551115123125782702e-17 3.541570635119358976e-03 -2.424470855539401573e-02 5.316935080750663511e-02
2.020202020202027660e-02 3.553127010007052586e-03 -3.137328933762573765e-03 5.321020954651284329e-02
4.040404040404038666e-02 3.544247634769572778e-03 1.749649090076347765e-02 5.309889383884183744e-02
6.060606060606071877e-02 3.518110829171885306e-03 3.830501981440770365e-02 5.276322237374135582e-02
8.080808080808082883e-02 3.501572844823854641e-03 5.856247919467647001e-02 5.252125218002112739e-02
1.010101010101009389e-01 3.479972424550903561e-03 7.700044833070007755e-02 5.236093650737030231e-02
1.212121212121212710e-01 3.493121578416509207e-03 9.581199409590264449e-02 5.247543570386730555e-02
1.414141414141413811e-01 3.499218170860295216e-03 1.169452574014680085e-01 5.246518746128951693e-02
1.616161616161617132e-01 3.474952965384203469e-03 1.408476089707780265e-01 5.206841092253341324e-02
1.818181818181818232e-01 3.429355152696914391e-03 1.631748269886486857e-01 5.139915906734163209e-02
2.020202020202019333e-01 3.415494318794740428e-03 1.831138402374831720e-01 5.121134285150447107e-02
2.222222222222222654e-01 3.388833573735869093e-03 2.032093980796164934e-01 5.075981450352363977e-02
2.424242424242423755e-01 3.334902567629608513e-03 2.233514917843663627e-01 5.016989043788698532e-02
2.626262626262627076e-01 3.300548681257967076e-03 2.430229928800803629e-01 4.952466037041912406e-02
2.828282828282828176e-01 3.281736623217495780e-03 2.618847435959340553e-01 4.905224186797185748e-02
3.030303030303031497e-01 3.253150368594699259e-03 2.800013608983697444e-01 4.854019282118665624e-02
3.232323232323232598e-01 3.200400393963468999e-03 2.969769198859108505e-01 4.783006840474813420e-02
3.434343434343433699e-01 3.130557205427126656e-03 3.176241686936020492e-01 4.693231898837078864e-02
3.636363636363637020e-01 3.082197042755754294e-03 3.351976288589427200e-01 4.617774416575530505e-02
3.838383838383838120e-01 3.030656675373879713e-03 3.537471310151478199e-01 4.543943717852166886e-02
4.040404040404041441e-01 2.963090651840656793e-03 3.742083375826275038e-01 4.446781313682163922e-02
4.242424242424242542e-01 2.907479556079257000e-03 3.909799072583911572e-01 4.356193783327906577e-02
4.444444444444443643e-01 2.853876681291901782e-03 4.094864178910271879e-01 4.264249020072671120e-02
4.646464646464646964e-01 2.756138259166257456e-03 4.273568091902409938e-01 4.138768074806147695e-02
4.848484848484848064e-01 2.693848047392628873e-03 4.451676087563111173e-01 4.043005715462728161e-02
5.050505050505051940e-01 2.613924924108023719e-03 4.628724504556939179e-01 3.925711805204314814e-02
5.252525252525253041e-01 2.539159238003352737e-03 4.803608989606318325e-01 3.807123685122807549e-02
5.454545454545454142e-01 2.477817153834327869e-03 4.955749547337173766e-01 3.713525924790289645e-02
5.656565656565657463e-01 2.403144508641313383e-03 5.095985081742315792e-01 3.607449950740090894e-02
5.858585858585858563e-01 2.318616161820997480e-03 5.233355734345016552e-01 3.470554911042195850e-02
6.060606060606061884e-01 2.243286726205422771e-03 5.389969680506486727e-01 3.362670965173285287e-02
6.262626262626262985e-01 2.152913464869286083e-03 5.529277887146876180e-01 3.237916550484955247e-02
6.464646464646466306e-01 2.067557174571741426e-03 5.669546983098198156e-01 3.108657911841934338e-02
6.666666666666667407e-01 1.969722846417225944e-03 5.802354371022111490e-01 2.959710589706563560e-02
6.868686868686868507e-01 1.881698905799326395e-03 5.912202041044054557e-01 2.817274992058408159e-02
7.070707070707071829e-01 1.775141728284639455e-03 6.024500620246988625e-01 2.665796900759567767e-02
7.272727272727272929e-01 1.670909367196221715e-03 6.126547546371474695e-01 2.508335992470426407e-02
7.474747474747476250e-01 1.571602594986811624e-03 6.262222269461567015e-01 2.357707357957058297e-02
7.676767676767677351e-01 1.453077068888085008e-03 6.388918114075399224e-01 2.188264569204744284e-02
7.878787878787878451e-01 1.342089666181248923e-03 6.501537796396141822e-01 2.013355210550237320e-02
8.080808080808081773e-01 1.235810706627674073e-03 6.622352578917440891e-01 1.852911649880129019e-02
8.282828282828282873e-01 1.125944846514752426e-03 6.745130837930614076e-01 1.682451539194982845e-02
8.484848484848486194e-01 1.014169084186943535e-03 6.851852508212046278e-01 1.516063105701439921e-02
8.686868686868687295e-01 8.935453875131951816e-04 6.962243176671023548e-01 1.337265949287178533e-02
8.888888888888890616e-01 7.670365138869773705e-04 7.051616106234946946e-01 1.151027467769439455e-02
9.090909090909091717e-01 6.520405106054822644e-04 7.136283665662699338e-01 9.785725474398730694e-03
9.292929292929292817e-01 5.478096574734934131e-04 7.227036887287539013e-01 8.227526231930657602e-03
9.494949494949496138e-01 4.261669592429886554e-04 7.310152786231943756e-01 6.415796321378132959e-03
9.696969696969697239e-01 3.067871758273512024e-04 7.393500596002512415e-01 4.591949907501495509e-03
9.898989898989900560e-01 1.741137763202299071e-04 7.499963695738185443e-01 2.683083594619677884e-03
1.010101010101010166e+00 0.000000000000000000e+00 0.000000000000000000e+00 0.000000000000000000e+00
