0,0,0,0,0,0,0,0,0,0,0,0,0,0,0,0,0,0,0,0,0,0,0,0,0,0,0,0,0,0,1,0,0,0,0,1,0,0,0,0,0,0,0,0,1,0,0,0,0,0,0,0,0,0,0,1,0,0,0,1,0,0,1,0,0,1,2,1,0,1,1,2,2,1,2,1,1,2,0,1,0,2,1,2,0,1,0,0,1,0,0
0,0,0,0,0,0,1,0,0,0,1,2,0,1,0,0,0,0,0,0,2,0,0,2,0,2,0,1,0,0,2,1,0,0,0,2,1,2,0,1,1,3,0,0,0,2,0,0,2,1,2,0,0,1,1,1,2,0,2,4,1,0,3,3,5,6,5,6,10,12,4,9,11,8,8,7,8,6,12,6,8,10,4,11,1,4,1,1,3,1,0
0,0,0,1,1,0,0,1,1,1,0,0,1,0,0,0,0,0,0,3,1,1,3,3,1,1,2,0,1,0,1,1,1,4,4,1,0,1,1,3,3,1,0,3,1,1,2,1,0,0,1,0,1,1,2,2,3,3,0,1,1,4,1,7,8,8,14,24,23,19,25,22,25,23,32,28,23,24,21,19,20,24,19,13,12,10,9,6,3,2,0
0,0,1,0,0,0,0,0,0,1,0,0,0,0,2,1,0,1,0,2,4,0,1,0,1,1,2,2,1,1,1,1,3,1,1,1,2,3,2,3,1,5,0,2,4,1,0,3,1,4,3,1,0,0,3,1,1,0,1,0,4,4,2,7,21,18,22,41,38,46,59,55,69,63,60,80,90,85,83,80,87,59,76,68,36,34,46,29,14,5,0
0,0,0,0,0,1,2,0,3,0,0,0,0,0,2,2,1,1,2,2,4,1,3,1,0,1,0,0,1,2,0,2,1,3,1,1,3,2,1,0,2,2,4,0,2,1,4,0,2,2,1,0,2,4,1,4,1,3,4,3,2,1,4,7,13,40,86,130,175,179,249,303,299,306,339,331,350,357,326,296,295,238,240,230,203,154,121,103,75,31,1
0,0,0,0,0,0,0,1,1,0,3,2,2,0,1,0,4,2,0,2,1,3,0,1,0,2,0,3,1,0,0,3,3,0,2,6,1,1,1,4,5,2,3,4,2,1,2,1,5,1,1,0,3,1,2,2,4,1,5,1,1,2,5,15,56,172,317,397,417,459,506,530,564,517,531,568,526,500,485,498,398,415,352,291,287,216,177,143,104,50,6
0,0,0,0,1,0,0,1,0,0,1,2,1,1,3,1,0,3,3,2,1,1,4,0,2,4,4,2,5,5,1,2,2,3,3,2,1,5,3,3,4,3,6,4,4,2,4,2,3,2,1,0,0,1,2,2,4,0,3,2,5,3,12,29,158,352,472,552,563,664,626,652,699,680,668,757,669,730,614,575,565,528,478,469,419,346,246,200,137,65,7
0,0,1,0,0,0,0,0,1,0,0,1,1,0,1,1,1,1,0,0,0,1,2,0,1,2,2,3,2,3,1,0,3,2,2,3,2,2,5,1,3,1,2,2,4,1,2,2,1,7,1,5,1,7,0,3,0,7,3,2,3,0,8,65,259,510,579,707,715,746,748,750,778,815,740,852,822,758,723,767,705,659,571,543,509,416,354,284,180,79,12
0,0,0,0,0,1,0,0,0,1,0,1,3,1,1,1,2,1,4,3,2,2,3,1,4,1,3,3,2,2,1,0,2,0,2,6,1,1,2,3,1,0,4,2,3,5,1,3,0,1,1,1,2,3,0,5,4,4,4,3,1,4,8,89,315,571,676,701,728,803,741,814,830,867,830,798,823,782,786,742,726,731,646,616,487,410,357,264,168,84,10
0,0,0,1,0,2,0,2,1,0,0,2,0,1,0,0,1,2,4,4,2,0,3,1,2,1,1,6,0,3,3,3,2,6,2,1,2,1,2,1,2,3,2,5,4,4,6,4,1,3,2,2,2,1,2,0,0,1,0,2,3,1,12,146,405,573,604,677,707,722,748,731,790,779,790,799,761,729,731,697,683,636,597,561,476,417,312,239,175,75,9
0,0,0,1,0,0,0,0,1,1,0,0,0,0,2,3,3,1,0,1,3,0,1,1,4,4,1,1,1,4,1,1,6,1,1,0,1,1,3,2,2,6,4,2,0,3,3,6,3,2,3,2,2,1,4,2,2,2,0,4,2,2,14,143,342,509,612,614,654,690,670,676,719,755,744,677,713,777,686,639,613,585,524,479,494,381,310,211,132,64,12
0,0,0,0,0,0,1,0,1,1,0,2,2,0,0,3,1,2,0,1,3,1,1,0,0,0,1,3,0,2,2,1,1,0,0,3,1,1,0,3,2,6,0,2,8,4,3,1,3,2,3,2,3,2,1,1,4,3,2,1,1,4,25,160,362,467,522,586,593,625,610,633,648,631,630,640,585,615,613,599,535,459,485,421,373,337,272,207,126,57,7
0,0,0,0,0,0,1,0,1,2,1,2,0,0,0,0,1,2,0,0,4,2,3,2,0,2,2,2,2,2,1,2,3,5,2,2,1,0,0,3,2,3,3,3,2,2,3,3,2,1,1,2,2,2,3,2,2,3,1,1,1,1,24,140,327,431,491,526,584,594,596,597,610,620,555,567,515,563,553,531,479,453,447,351,340,295,233,168,101,51,4
0,0,0,0,0,0,0,2,1,0,0,2,0,0,0,0,1,1,2,3,2,2,2,0,1,2,1,2,1,2,2,2,1,4,1,3,2,0,1,2,2,4,1,2,2,5,3,1,1,2,2,2,2,0,1,0,5,1,3,1,4,2,21,145,267,347,479,473,511,547,508,519,502,523,487,490,448,473,454,480,421,375,367,304,299,256,197,155,105,35,3
0,0,0,1,1,0,2,0,0,0,0,1,0,0,1,0,0,0,0,0,0,3,3,0,1,2,2,1,7,1,2,3,3,2,2,2,3,1,3,0,3,3,1,1,4,2,1,1,2,0,0,1,1,4,3,1,1,1,2,1,1,1,28,126,277,317,382,431,438,499,462,418,460,446,409,466,413,394,406,352,374,351,291,303,249,223,185,152,92,41,5
0,0,0,0,0,0,0,2,0,2,1,1,1,1,3,1,0,0,3,0,0,2,1,0,5,0,1,0,1,2,0,0,1,3,1,2,1,0,1,3,1,1,1,2,1,3,0,3,5,1,0,2,1,4,1,6,2,0,1,0,1,1,28,99,206,301,377,402,403,387,412,405,396,413,374,339,369,323,334,334,334,304,267,223,232,177,157,99,79,38,4
0,0,0,0,0,0,1,1,1,1,0,0,0,2,2,0,0,0,2,0,1,0,0,1,0,1,2,4,0,3,1,0,2,2,2,0,0,2,1,1,0,1,3,4,0,3,1,2,2,0,2,2,2,3,0,0,0,0,1,3,2,2,27,100,192,248,274,310,327,379,342,372,353,354,336,334,315,305,288,283,260,275,245,195,200,159,143,105,62,24,6
0,0,0,0,1,0,0,0,0,1,0,0,1,0,0,0,1,0,0,1,1,0,0,1,2,0,2,4,1,0,1,2,1,1,1,1,0,0,2,2,3,2,2,3,0,0,1,2,3,1,3,0,0,1,4,2,0,0,1,0,0,4,26,85,182,222,244,249,259,312,305,316,325,294,296,295,290,284,258,242,229,191,202,180,166,136,114,77,57,28,9
0,0,0,1,0,0,0,0,1,1,0,0,0,0,2,0,0,0,0,1,0,0,2,1,1,0,2,0,1,0,1,1,2,4,2,1,0,0,1,0,1,2,0,1,2,1,0,0,1,0,1,0,0,1,3,0,2,0,0,2,0,2,27,68,131,169,232,229,245,279,282,262,269,268,265,242,221,228,237,215,206,205,180,162,124,131,111,68,50,25,6
0,1,0,1,0,0,1,1,0,0,2,0,0,3,1,1,1,3,1,1,0,0,1,1,0,3,0,0,0,1,1,0,1,0,0,1,1,1,1,1,1,2,0,0,1,2,0,3,1,0,0,0,2,0,3,2,1,1,1,0,1,4,20,82,102,175,200,202,229,217,240,225,220,227,225,228,199,211,203,171,165,157,131,124,123,97,81,56,47,19,2
0,0,0,1,0,1,0,1,1,0,0,0,1,0,0,0,0,0,0,0,0,0,0,2,1,0,1,0,1,1,1,0,0,0,2,0,1,1,1,0,1,2,1,1,0,0,1,0,0,1,1,1,4,0,0,1,0,1,2,0,1,0,16,58,112,149,155,196,221,184,207,181,221,197,179,192,141,159,152,141,144,146,113,108,92,104,71,70,30,18,2
0,0,0,1,0,0,0,0,0,0,1,0,0,0,0,1,0,1,0,2,0,0,1,1,0,1,2,2,0,0,0,0,1,0,0,0,1,0,1,2,1,1,0,2,1,0,1,1,1,2,1,2,0,0,0,2,1,2,2,1,1,3,15,51,96,107,140,136,168,137,162,198,183,167,150,168,128,128,132,140,101,107,106,95,84,86,65,48,31,17,1
0,0,0,0,1,0,0,0,1,0,0,0,0,0,0,0,0,0,0,2,0,0,0,0,1,0,1,0,1,0,0,1,1,0,0,0,0,1,1,0,1,0,0,3,0,1,2,0,0,1,0,1,0,0,0,0,1,0,0,1,1,1,20,42,74,116,113,109,125,117,148,160,154,141,158,137,154,135,104,115,105,100,106,94,79,68,68,46,36,10,0
0,0,0,1,1,0,0,1,0,0,0,0,0,0,1,0,1,0,1,0,0,0,1,1,0,0,1,0,0,1,0,0,1,0,0,2,0,0,1,1,0,3,0,0,0,0,1,1,0,0,3,1,0,1,0,0,1,1,1,1,1,0,17,50,74,88,117,111,126,129,133,130,120,139,122,104,118,94,100,93,74,83,79,66,68,65,40,36,30,10,2
0,0,0,0,0,0,0,0,0,0,0,0,0,0,0,0,1,0,0,0,0,0,0,0,0,1,3,1,0,0,0,0,1,0,1,1,0,1,0,0,0,0,0,1,0,0,0,0,0,2,0,1,2,0,1,2,0,2,1,0,0,1,11,31,48,87,102,103,97,117,100,110,102,118,109,116,95,85,94,96,66,71,62,69,52,50,45,36,22,11,2
0,0,0,0,0,0,0,0,0,0,0,0,0,1,1,1,0,0,0,2,0,0,1,1,1,0,0,0,0,1,0,0,0,0,0,2,2,1,0,0,2,0,1,0,0,0,0,0,0,0,0,0,0,0,0,0,0,2,0,0,0,0,14,41,50,58,74,77,87,83,88,112,96,91,81,86,87,76,71,76,67,59,67,57,44,37,33,25,20,10,0
0,0,0,0,1,0,0,0,0,0,0,0,0,0,1,0,2,1,1,0,0,0,0,0,0,0,3,0,0,0,0,0,1,0,1,0,0,1,1,0,0,0,0,0,0,0,2,0,0,0,0,1,1,0,0,0,1,2,3,0,1,2,13,29,39,55,61,73,73,84,70,73,86,79,94,69,79,70,69,68,48,59,40,43,40,31,29,23,16,12,0
0,0,0,0,0,0,0,0,0,0,0,0,0,0,0,0,0,1,0,0,0,0,0,0,0,2,2,1,0,0,0,1,0,1,0,2,0,0,2,0,0,0,1,1,0,0,0,0,0,1,1,0,0,0,0,0,0,0,1,3,0,1,11,24,35,49,54,61,52,68,77,71,81,75,59,83,60,56,58,49,57,31,38,44,44,28,29,19,15,7,0
0,0,0,0,0,0,0,0,0,0,0,0,1,0,0,0,0,0,2,0,0,0,0,1,2,1,1,0,0,3,0,0,0,0,0,0,0,0,0,1,0,1,0,1,0,0,1,0,0,0,0,0,1,0,0,0,0,0,0,0,0,1,9,24,37,36,48,46,51,71,55,65,51,58,59,55,47,41,45,54,43,50,31,29,31,25,20,13,12,3,1
0,0,0,0,0,0,0,0,0,0,0,0,0,0,0,0,0,0,0,0,0,0,0,0,0,0,1,1,0,0,1,0,0,0,1,0,1,0,0,0,0,1,0,1,0,0,0,0,1,0,0,0,0,0,0,0,0,1,0,0,1,1,4,19,26,29,42,37,51,49,56,52,62,50,48,57,43,37,40,32,39,27,31,28,27,20,12,17,9,2,0
0,0,0,0,0,0,0,0,0,0,0,0,0,0,0,0,0,1,0,0,0,0,0,0,0,0,1,0,0,0,0,0,0,1,0,1,0,1,0,0,0,2,0,0,0,0,0,0,1,0,0,0,0,1,0,0,0,0,0,1,0,0,5,11,29,28,36,43,36,40,42,42,35,37,54,39,48,44,37,32,28,40,32,21,21,25,14,5,10,0,0
0,0,1,0,0,0,0,0,0,0,0,0,0,0,1,0,1,0,0,0,0,0,0,0,1,0,0,0,1,0,0,0,0,0,0,0,0,0,0,0,0,0,0,0,1,0,0,0,0,0,1,1,0,0,0,0,0,0,0,1,0,0,3,22,27,14,24,33,29,40,32,24,39,47,40,27,36,44,32,26,19,25,26,21,17,15,12,7,14,3,0
0,0,0,0,0,0,0,0,0,0,0,0,0,0,0,0,0,0,0,0,0,0,0,1,0,0,0,1,0,0,0,2,0,1,0,0,0,0,0,0,0,0,0,0,0,0,0,0,1,0,0,0,0,0,0,0,0,1,0,0,0,2,3,13,18,16,26,27,29,29,25,32,23,33,31,24,32,29,19,29,18,16,16,12,11,17,13,9,8,4,1
0,0,0,0,0,0,0,0,0,0,0,0,0,0,0,0,0,0,0,0,0,0,0,0,0,0,0,0,0,1,0,0,0,0,0,0,0,0,0,0,0,0,0,0,0,0,0,0,0,0,0,0,0,0,0,0,0,0,1,0,0,1,7,10,13,12,18,23,17,20,30,20,26,25,29,27,14,19,30,24,18,21,11,13,9,9,6,10,3,2,0
0,0,0,0,0,0,0,0,0,0,0,0,0,0,0,0,1,0,0,0,0,0,0,0,1,0,0,0,0,0,0,0,0,0,0,0,0,0,0,0,0,1,0,0,1,0,0,0,1,0,0,1,0,0,0,0,0,0,0,0,0,0,2,13,9,11,14,15,28,17,12,23,20,23,22,25,21,22,14,12,13,14,12,13,12,7,7,4,1,2,0
0,0,0,0,0,0,0,0,0,0,0,0,0,0,0,0,0,0,0,0,0,0,0,0,1,0,0,0,0,0,0,0,0,0,0,0,0,0,0,0,0,0,0,0,0,0,0,0,0,0,1,0,0,1,0,0,0,0,0,0,0,0,0,8,8,7,13,19,10,26,25,16,18,14,13,10,17,14,15,13,14,17,14,17,6,11,8,4,0,1,0
0,0,0,0,0,0,0,0,0,0,0,0,0,0,0,0,0,0,0,0,0,0,0,0,0,0,0,0,0,0,0,0,0,0,0,0,0,0,0,0,0,0,0,0,0,0,0,0,1,0,0,0,1,0,0,0,0,0,0,0,0,0,1,3,7,9,12,13,11,19,11,14,21,21,17,13,15,14,12,11,15,10,11,11,10,9,7,6,7,1,0
0,0,0,0,0,0,0,0,0,0,0,0,0,0,0,0,0,0,0,0,0,0,0,0,0,0,0,0,0,0,0,0,0,0,0,0,0,0,0,0,0,0,0,1,0,0,0,0,0,0,0,0,0,0,0,0,0,0,0,0,0,0,0,6,7,15,5,13,13,10,12,11,14,14,23,20,16,13,9,8,11,9,9,7,8,5,7,4,3,2,0
0,0,0,0,0,0,0,0,0,0,0,0,1,1,0,0,0,0,0,0,0,0,0,0,0,0,0,0,0,0,0,0,0,0,0,0,0,0,0,0,0,0,0,0,0,1,0,0,0,0,0,0,0,0,0,0,0,0,1,0,0,1,4,4,4,9,12,6,11,8,12,15,8,13,11,12,12,9,10,8,3,14,6,3,7,6,2,3,3,2,1
0,0,0,0,0,0,0,0,0,0,0,0,0,0,0,0,0,0,1,0,0,0,0,0,0,0,0,0,0,0,1,0,0,0,0,0,0,0,0,0,0,0,0,0,0,0,0,0,0,1,0,0,0,1,0,0,0,0,0,0,0,0,0,4,6,4,8,7,9,14,10,6,7,14,10,15,11,9,10,7,7,7,7,9,10,2,4,2,2,0,0
0,0,0,0,0,0,0,0,0,0,0,0,0,0,0,0,0,1,0,0,0,0,0,0,0,1,0,0,0,0,0,0,0,0,0,0,0,0,0,0,0,0,0,0,0,0,0,0,0,0,0,0,1,0,0,0,0,0,1,0,0,0,3,4,4,3,8,10,5,7,9,5,7,6,7,6,4,5,12,9,7,7,2,7,8,2,3,4,2,0,0
0,0,0,0,0,0,0,0,0,0,0,0,0,0,0,0,0,0,0,1,1,0,0,0,0,0,0,0,0,0,0,0,0,0,1,0,0,0,0,0,0,0,0,0,0,0,0,0,0,0,0,0,0,0,0,0,0,0,0,0,0,0,1,6,6,5,7,7,4,9,0,5,6,9,4,12,8,11,2,0,2,10,6,2,8,3,4,3,0,1,0
0,0,0,0,0,0,0,0,0,0,0,0,0,0,1,0,0,0,0,0,0,0,0,0,0,0,0,0,0,0,0,0,0,0,0,0,0,0,0,0,0,0,0,0,1,0,1,0,0,0,0,0,1,0,0,0,0,0,1,0,0,0,1,0,2,1,4,3,2,6,5,4,11,8,9,5,6,9,11,2,3,4,2,2,3,4,3,3,1,1,0
0,0,0,0,0,0,0,0,0,0,0,0,0,1,0,0,0,0,0,0,0,1,0,0,0,0,0,0,0,0,0,0,0,0,0,0,0,0,0,0,0,0,0,0,0,0,0,0,0,0,0,0,0,0,0,0,0,0,0,0,0,0,1,1,1,2,3,7,5,4,8,4,6,5,4,9,6,3,5,2,1,6,0,4,4,1,5,0,1,0,0
0,0,0,0,0,0,0,0,0,0,0,0,0,0,0,0,0,0,0,0,0,0,0,0,0,1,0,0,0,0,0,0,0,0,0,0,1,0,0,0,0,0,0,0,0,0,0,0,0,0,0,0,0,0,0,0,0,0,0,0,0,0,1,0,1,3,5,1,5,4,3,5,2,0,1,5,3,2,5,0,4,3,2,0,3,1,1,2,1,0,0
0,0,0,0,0,0,0,0,0,0,0,0,0,0,0,0,0,0,0,0,0,0,0,0,0,0,0,0,0,0,0,0,0,0,0,0,0,0,0,0,0,0,0,0,0,0,0,0,0,0,0,0,0,0,1,0,0,0,0,0,0,0,0,2,0,1,6,2,0,2,4,4,2,0,4,3,3,2,0,3,3,0,3,2,3,3,2,0,2,1,0
0,0,0,0,0,0,0,0,0,0,0,0,0,0,0,0,0,0,0,0,0,0,0,0,0,0,0,0,0,0,0,0,0,0,1,0,0,0,0,0,0,0,0,0,0,0,0,0,0,0,0,0,0,0,0,0,0,0,0,0,0,0,0,0,2,1,1,2,4,7,5,4,1,0,3,8,1,2,1,4,2,0,1,5,3,0,3,2,0,0,0
0,0,0,0,0,0,0,0,0,0,0,0,0,0,0,0,0,0,0,0,0,0,0,0,0,0,0,1,0,0,0,0,0,0,0,0,0,0,0,0,0,0,0,0,0,0,0,0,0,0,0,0,0,0,0,0,0,0,0,0,0,0,2,2,1,0,2,5,1,2,1,3,4,5,2,5,2,2,1,1,0,2,0,2,1,2,0,0,0,0,0
0,0,0,0,0,0,0,0,0,0,0,0,0,0,0,0,0,0,0,0,0,0,0,0,0,0,0,0,0,0,0,0,0,0,0,0,0,0,0,0,0,0,0,0,0,0,0,0,0,0,0,0,0,0,0,0,0,0,0,0,0,0,0,0,1,2,1,2,1,1,2,4,2,1,3,0,2,0,2,5,2,0,0,0,1,1,1,0,0,0,0
0,0,0,0,0,0,0,0,0,0,0,0,0,0,0,0,0,0,1,0,0,0,0,0,0,0,0,0,0,0,0,0,0,0,0,0,0,0,0,0,0,0,0,0,0,0,0,0,0,0,0,0,0,0,0,0,0,0,0,0,0,0,0,0,2,1,2,0,2,3,2,1,1,2,1,0,1,1,1,4,2,2,3,0,0,1,0,0,1,0,0
0,0,0,0,0,0,0,0,0,0,0,0,0,0,0,0,0,0,0,0,0,0,0,0,0,0,0,0,0,0,0,0,0,0,0,0,0,0,0,0,0,0,0,0,0,0,0,0,0,0,0,1,0,0,0,0,0,0,0,0,0,0,0,1,0,0,0,2,2,2,1,2,2,1,1,1,2,2,3,1,1,0,0,0,0,0,1,0,0,0,0
0,0,0,0,0,0,0,0,0,0,0,0,0,0,0,0,0,0,0,0,0,0,0,0,0,0,0,0,0,0,0,0,0,0,0,0,0,0,0,0,0,0,0,0,0,0,0,0,0,0,0,0,0,0,0,0,0,0,0,0,0,0,0,0,0,3,2,1,0,1,0,3,2,1,1,3,1,0,0,0,1,0,1,0,1,1,1,2,1,0,0
0,0,0,0,0,0,0,0,0,0,0,0,0,1,0,0,0,0,0,0,0,0,0,0,0,0,0,0,0,0,0,0,0,0,0,1,0,0,0,0,0,0,0,0,0,0,0,0,0,0,0,0,0,0,0,0,0,0,0,0,0,0,0,2,2,1,2,1,2,1,1,2,2,0,2,1,1,0,1,0,2,0,1,1,1,0,0,0,0,0,0
0,0,0,0,0,0,0,0,0,0,0,0,0,0,0,0,0,0,0,0,0,0,0,0,0,0,0,0,0,0,0,0,0,0,0,0,0,0,0,0,0,0,0,0,0,0,0,0,0,0,0,0,0,0,0,0,0,0,0,0,0,0,0,0,1,0,0,0,1,1,2,2,0,0,1,0,0,0,1,1,0,0,1,2,0,0,0,0,0,0,0
0,0,0,0,0,0,0,0,0,0,0,0,0,0,0,0,0,0,0,0,0,0,0,0,0,0,0,0,0,0,0,0,0,0,0,0,0,0,0,0,0,0,0,0,0,0,0,0,0,0,0,0,0,0,0,0,0,0,0,0,0,0,0,0,0,1,1,0,0,0,1,1,2,1,2,0,1,1,1,1,1,0,1,0,0,0,0,0,0,0,0
0,0,0,0,0,0,0,0,0,0,0,0,0,0,0,0,0,0,0,0,0,0,0,0,0,0,0,0,0,0,0,0,0,0,0,0,0,0,0,0,0,0,0,0,0,0,0,0,0,0,0,0,0,0,0,0,0,0,0,0,0,0,0,0,0,0,0,0,0,1,1,0,0,2,0,1,0,0,0,3,0,0,0,0,2,1,1,0,0,0,0
0,0,0,0,0,0,0,0,0,0,0,0,0,0,0,0,0,0,0,0,0,0,0,0,0,0,0,0,0,0,0,0,0,0,0,0,0,0,0,0,0,0,0,0,0,0,0,0,0,0,0,0,0,0,0,0,0,0,0,0,0,0,0,0,0,0,1,0,0,1,0,0,1,0,0,0,0,2,1,1,1,2,0,0,0,0,0,0,0,0,0
0,0,0,0,0,0,0,0,0,0,0,0,0,0,0,0,0,0,0,0,0,0,0,0,0,0,0,0,0,0,0,0,0,0,0,0,0,0,0,0,0,0,0,0,0,0,0,0,0,0,0,0,0,0,0,0,0,0,0,0,0,0,0,0,2,0,0,1,2,0,0,0,0,0,0,0,0,0,0,1,0,0,0,0,0,2,0,0,0,0,0
0,0,0,0,0,0,0,0,0,0,0,0,0,0,0,0,0,0,0,0,0,0,0,0,0,0,0,0,0,0,0,0,0,0,0,0,0,0,0,0,0,0,0,0,0,0,0,0,0,0,0,0,0,0,0,0,0,0,0,0,0,0,0,0,1,0,1,0,0,0,0,0,0,0,1,0,0,0,0,0,1,0,0,0,0,0,0,0,0,0,0
0,0,0,0,0,0,0,0,0,0,0,0,0,0,0,0,0,0,0,0,0,0,0,0,0,0,0,0,0,0,0,0,0,0,0,0,0,0,0,0,0,0,0,0,0,0,0,0,0,0,0,0,0,0,0,0,0,0,0,0,0,0,0,0,0,0,0,0,0,0,0,0,1,0,1,0,0,0,0,1,0,1,0,0,1,0,0,0,0,0,0
0,0,0,0,0,0,0,0,0,0,0,0,0,0,0,0,0,0,0,0,0,0,0,0,0,0,0,0,0,0,0,0,0,0,0,0,0,0,0,0,0,0,0,0,0,0,0,0,0,0,0,0,0,0,0,0,0,0,0,0,0,0,0,0,0,0,0,0,0,1,0,0,0,0,0,0,0,0,0,0,1,0,1,0,0,0,0,0,0,0,0
0,0,0,0,0,0,0,0,0,0,0,0,0,0,0,0,0,0,0,0,0,0,0,0,0,0,0,0,0,0,0,0,0,0,0,0,0,0,0,0,1,0,0,0,0,0,0,0,0,0,0,0,0,0,0,0,0,0,0,0,0,0,0,0,0,1,1,0,1,0,0,0,0,1,0,0,0,0,0,1,0,0,0,1,0,0,0,0,0,0,0
0,0,0,0,0,0,0,0,0,0,0,0,0,0,0,0,0,0,0,0,0,0,0,0,0,0,0,0,0,0,0,0,0,0,0,0,0,0,0,0,0,0,0,0,0,0,0,0,0,0,0,0,0,0,0,0,0,0,0,0,0,0,0,0,0,0,1,0,1,0,0,1,0,0,0,0,0,0,1,1,0,0,0,0,0,0,0,0,0,0,0
0,0,0,0,0,0,0,0,0,0,0,0,0,0,0,0,0,0,0,0,0,0,0,0,0,0,0,0,0,0,0,0,0,0,0,0,0,0,0,0,0,0,0,0,0,0,0,0,0,0,0,0,0,0,0,0,0,0,0,0,0,0,0,0,0,0,0,0,0,0,0,1,0,0,0,1,1,0,0,0,0,0,0,0,0,0,0,0,1,0,0
0,0,0,0,0,0,0,0,0,0,0,0,0,0,0,0,0,0,0,0,0,0,0,0,0,0,0,0,0,0,0,0,0,0,0,0,0,0,0,0,0,0,0,0,0,0,0,0,0,0,0,0,0,0,0,0,0,0,0,0,0,0,0,0,0,0,0,0,0,0,0,0,0,0,0,0,1,0,0,0,0,0,1,0,0,0,0,0,0,0,0
0,0,0,0,0,0,0,0,0,0,0,0,0,0,0,0,0,0,0,0,0,0,0,0,0,0,0,0,0,0,0,0,0,0,0,0,0,0,0,0,0,0,0,0,0,0,0,0,0,0,0,0,0,0,0,0,0,0,0,0,0,0,0,0,0,0,0,0,0,0,0,0,0,1,0,0,0,1,0,0,0,0,0,0,0,0,0,0,0,0,0
0,0,0,0,0,0,0,0,0,0,0,0,0,0,0,0,0,0,0,0,0,0,0,0,0,0,0,0,0,0,0,0,0,0,0,0,0,0,0,0,0,0,0,0,0,0,0,0,0,0,0,0,0,0,0,0,0,0,0,0,0,0,0,0,0,0,0,0,0,0,1,0,0,0,0,0,0,0,0,1,0,0,0,0,0,0,0,0,0,0,0
0,0,0,0,0,0,0,0,0,0,0,0,0,0,0,0,0,0,0,0,0,0,0,0,0,0,0,0,0,0,0,0,0,0,0,0,0,0,0,0,0,0,0,0,0,0,0,0,0,0,0,0,0,0,0,0,0,0,0,0,0,0,0,0,1,0,0,0,0,0,0,0,0,0,0,0,0,0,0,0,0,0,0,0,0,0,0,0,0,0,0
0,0,0,0,0,0,0,0,0,0,0,0,0,0,0,0,0,0,0,0,0,0,0,0,0,0,0,0,0,0,0,0,0,0,0,0,0,0,0,0,0,0,0,0,0,0,0,0,0,0,0,0,0,0,0,0,0,0,0,0,0,0,0,0,0,0,0,0,0,0,0,0,0,0,0,1,0,0,0,0,0,0,0,0,0,0,0,0,0,0,0
0,0,0,0,0,0,0,0,0,0,0,0,0,0,0,0,0,0,0,0,0,0,0,0,0,0,0,0,0,0,0,0,0,0,0,0,0,0,0,0,0,0,0,0,0,0,0,0,0,0,0,0,0,0,0,0,0,0,0,0,0,0,0,0,0,0,0,0,0,0,0,0,0,0,1,0,0,0,0,0,0,0,0,0,1,0,0,0,0,0,0
0,0,0,0,0,0,0,0,0,0,0,0,0,0,0,0,0,0,0,0,0,0,0,0,0,0,0,0,0,0,0,0,0,0,0,0,0,0,0,0,0,0,0,0,0,0,0,0,0,0,0,0,0,0,0,0,0,0,0,0,0,0,0,0,0,0,0,0,0,0,1,0,0,0,1,0,0,0,1,0,0,0,0,0,0,0,1,0,0,0,0
0,0,0,0,0,0,0,0,0,0,0,0,0,0,0,0,0,0,0,0,0,0,0,0,0,0,0,0,0,0,0,0,0,0,0,0,0,0,0,0,0,0,0,0,0,0,0,0,0,0,0,0,0,0,0,0,0,0,0,0,0,0,0,0,0,0,0,0,0,0,0,0,0,0,0,0,0,0,1,0,0,0,0,0,0,0,0,0,0,0,0
0,0,0,0,0,0,0,0,0,0,0,0,0,0,0,0,0,0,0,0,0,0,0,0,0,0,0,0,0,0,0,0,0,0,0,0,0,0,0,0,0,0,0,0,0,0,0,0,0,0,0,0,0,0,0,0,0,0,0,0,0,0,0,0,1,0,0,0,0,0,0,0,0,0,0,1,0,0,0,0,0,0,0,0,0,0,0,0,0,0,0
0,0,0,0,0,0,0,0,0,0,0,0,0,0,0,0,0,0,0,0,0,0,0,0,0,0,0,0,0,0,0,0,0,0,0,0,0,0,0,0,0,0,0,0,0,0,0,0,0,0,0,0,0,0,0,0,0,0,0,0,0,0,0,0,0,0,0,0,0,0,0,0,1,0,0,0,0,0,0,0,0,0,0,0,0,0,0,0,0,0,0
0,0,0,0,0,0,0,0,0,0,0,0,0,0,0,0,0,0,0,0,0,0,0,0,0,0,0,0,0,0,0,0,0,0,0,0,0,0,0,0,0,0,0,0,0,0,0,0,0,0,0,0,0,0,0,0,0,0,0,0,0,0,0,0,0,0,0,0,0,0,1,0,0,0,0,0,0,0,0,0,0,0,0,0,0,0,0,0,0,0,0
0,0,0,0,0,0,0,0,0,0,0,0,0,0,0,0,0,0,0,0,0,0,0,0,0,0,0,0,0,0,0,0,0,0,0,0,0,0,0,0,0,0,0,0,0,0,0,0,0,0,0,0,0,0,0,0,0,0,0,0,0,0,0,0,0,0,0,0,1,0,0,0,0,0,0,0,0,0,0,0,0,0,0,0,0,0,0,0,0,0,0
0,0,0,0,0,0,0,0,0,0,0,0,0,0,0,0,0,0,0,0,0,0,0,0,0,0,0,0,0,0,0,0,0,0,0,0,0,0,0,0,0,0,0,0,0,0,0,0,0,0,0,0,0,0,0,0,0,0,0,0,0,0,0,0,0,0,0,0,0,0,0,0,0,0,0,0,0,0,0,0,0,0,0,0,0,0,0,0,0,0,0
0,0,0,0,0,0,0,0,0,0,0,0,0,0,0,0,0,0,0,0,0,0,0,0,0,0,0,0,0,0,0,0,0,0,0,0,0,0,0,0,0,0,0,0,0,0,0,0,0,0,0,0,0,0,0,0,0,0,0,0,0,0,0,0,0,0,0,0,0,0,0,0,0,0,0,0,0,0,0,0,0,0,0,0,0,0,0,0,0,0,0
0,0,0,0,0,0,0,0,0,0,0,0,0,0,0,0,0,0,0,0,0,0,0,0,0,0,0,0,0,0,0,0,0,0,0,0,0,0,0,0,0,0,0,0,0,0,0,0,0,0,0,0,0,0,0,0,0,0,0,0,0,0,0,0,0,0,0,0,0,0,0,0,0,0,0,0,0,0,0,0,0,0,0,0,0,0,0,0,0,0,0
0,0,0,0,0,0,0,0,0,0,0,0,0,0,0,0,0,0,0,0,0,0,0,0,0,0,0,0,0,0,0,0,0,0,0,0,0,0,0,0,0,0,0,0,0,0,0,0,0,0,0,0,0,0,0,0,0,0,0,0,0,0,0,0,0,0,0,0,0,0,0,0,0,0,0,0,0,0,0,0,0,0,1,0,0,0,0,0,0,0,0
0,0,0,0,0,0,0,0,0,0,0,0,0,0,0,0,0,0,0,0,0,0,0,0,0,0,0,0,0,0,0,0,0,0,0,0,0,0,0,0,0,0,0,0,0,0,0,0,0,0,0,0,0,0,0,0,0,0,0,0,0,0,0,0,0,0,0,0,0,0,0,0,0,0,0,0,0,0,0,0,0,0,0,0,0,0,0,0,0,0,0
0,0,0,0,0,0,0,0,0,0,0,0,0,0,0,0,0,0,0,0,0,0,0,0,0,0,0,0,0,0,0,0,0,0,0,0,0,0,0,0,0,0,0,0,0,0,0,0,0,0,0,0,0,0,0,0,0,0,0,0,0,0,0,0,0,0,0,0,0,0,0,0,0,0,0,0,0,0,0,0,0,0,0,0,0,0,0,0,0,0,0
0,0,0,0,0,0,0,0,0,0,0,0,0,0,0,0,0,0,0,0,0,0,0,0,0,0,0,0,0,0,0,0,0,0,0,0,0,0,0,0,0,0,0,0,0,0,0,0,0,0,0,0,0,0,0,0,0,0,0,0,0,0,0,0,0,0,0,0,0,0,0,0,0,0,0,0,0,0,0,0,0,0,0,0,0,0,0,0,1,0,0
0,0,0,0,0,0,0,0,0,0,0,0,0,0,0,0,0,0,0,0,0,0,0,0,0,0,0,0,0,0,0,0,0,0,0,0,0,0,0,0,0,0,0,0,0,0,0,0,0,0,0,0,0,0,0,0,0,0,0,0,0,0,0,0,0,0,0,0,0,0,0,0,0,0,0,0,0,0,0,0,0,0,0,0,0,0,0,0,0,0,0
0,0,0,0,0,0,0,0,0,0,0,0,0,0,0,0,0,0,0,0,0,0,0,0,0,0,0,0,0,0,0,0,0,0,0,0,0,0,0,0,0,0,0,0,0,0,0,0,0,0,0,0,0,0,0,0,0,0,0,0,0,0,0,0,0,0,0,0,0,0,0,0,0,0,0,0,0,0,0,0,0,0,0,0,0,0,0,0,0,0,0
0,0,0,0,0,0,0,0,0,0,0,0,0,0,0,0,0,0,0,0,0,0,0,0,0,0,0,0,0,0,0,0,0,0,0,0,0,0,0,0,0,0,0,0,0,0,0,0,0,0,0,0,0,0,0,0,0,0,0,0,0,0,0,0,0,0,0,0,0,0,0,0,0,0,0,0,0,0,0,0,0,0,0,0,0,0,0,0,0,0,0
0,0,0,0,0,0,0,0,0,0,0,0,0,0,0,0,0,0,0,0,0,0,0,0,0,0,0,0,0,0,0,0,0,0,0,0,0,0,0,0,0,0,0,0,0,0,0,0,0,0,0,0,0,0,0,0,0,0,0,0,0,0,0,0,0,0,0,0,0,0,0,0,0,0,0,0,0,0,0,0,0,0,0,0,0,0,0,0,0,0,0
0,0,0,0,0,0,0,0,0,0,0,0,0,0,0,0,0,0,0,0,0,0,0,0,0,0,0,0,0,0,0,0,0,0,0,0,0,0,0,0,0,0,0,0,0,0,0,0,0,0,0,0,0,0,0,0,0,0,0,0,0,0,0,0,0,0,0,0,0,0,0,0,0,0,0,0,0,0,0,0,0,0,0,0,0,0,0,0,0,0,0
0,0,0,0,0,0,0,0,0,0,0,0,0,0,0,0,0,0,0,0,0,0,0,0,0,0,0,0,0,0,0,0,0,0,0,0,0,0,0,0,0,0,0,0,0,0,0,0,0,0,0,0,0,0,0,0,0,0,0,0,0,0,0,0,0,0,0,0,0,0,0,0,0,0,0,0,0,0,0,0,0,0,0,0,0,0,0,0,0,0,0
0,0,0,0,0,0,0,0,0,0,0,0,0,0,0,0,0,0,0,0,0,0,0,0,0,0,0,0,0,0,0,0,0,0,0,0,0,0,0,0,0,0,0,0,0,0,0,0,0,0,0,0,0,0,0,0,0,0,0,0,0,0,0,0,0,0,0,0,0,0,0,0,0,0,0,0,0,0,0,0,0,0,0,0,0,0,0,0,0,0,0
0,0,0,0,0,0,0,0,0,0,0,0,0,0,0,0,0,0,0,0,0,0,0,0,0,0,0,0,0,0,0,0,0,0,0,0,0,0,0,0,0,0,0,0,0,0,0,0,0,0,0,0,0,0,0,0,0,0,0,0,0,0,0,0,1,0,0,0,0,0,0,0,0,0,0,0,0,0,0,0,0,0,0,0,0,0,0,0,0,0,0
