0,0,0,0,0,0,0,0,0,0,0,0,0,0,1,0,1,0,0,0,0,0,0,0,0,0,0,0,0,1,0,0,0,0,0,0,0,0,0,1,0,0,0,0,0,0,0,0,0,0,0,0,1,0,0,0,0,0,0,1,1,1,1,0,0,0,1,1,0,3,0,3,1,1,1,1,0,1,0,0,1,1,0,0,0,1,0,1,0,0,0
0,0,0,0,0,0,1,0,0,0,0,0,1,0,0,0,0,0,1,0,0,0,0,0,0,0,0,0,1,0,0,0,0,0,0,0,0,0,1,0,0,0,0,0,3,0,1,1,0,0,0,0,0,1,0,0,0,3,0,6,2,6,3,5,6,7,9,5,7,8,11,9,10,6,8,10,6,10,5,7,2,3,3,9,3,3,3,1,2,0,0
0,0,0,0,0,0,0,0,0,0,1,0,0,1,0,2,0,0,1,1,2,0,0,2,0,2,2,1,1,0,0,1,0,2,0,1,1,0,0,2,2,0,1,0,1,1,2,1,0,2,0,0,0,2,0,2,1,3,6,6,10,9,16,16,15,22,14,19,13,25,9,23,16,18,20,14,16,17,19,21,22,10,14,6,6,5,4,6,2,1,1
0,0,0,0,0,0,1,0,2,0,0,1,0,1,1,1,3,0,0,1,1,1,0,0,1,1,1,1,0,1,1,1,1,0,1,4,4,0,3,0,1,1,2,0,0,3,1,0,2,2,2,1,1,4,1,0,3,4,3,9,16,23,18,38,31,35,46,50,42,53,53,54,54,55,60,45,49,57,50,55,45,51,42,26,41,32,22,18,4,6,0
0,0,0,0,0,0,1,0,1,0,1,0,1,0,2,0,0,0,0,1,0,0,2,0,2,1,0,0,1,1,0,1,1,3,3,0,2,0,1,2,0,1,3,2,2,0,4,4,2,0,1,1,1,2,2,2,2,7,9,22,36,47,59,83,137,161,175,216,230,277,295,304,286,344,325,292,349,309,272,267,240,225,200,163,146,120,80,63,39,25,2
0,1,0,1,0,2,0,0,0,0,0,1,1,0,0,0,2,1,1,1,0,1,0,2,0,1,2,2,4,1,2,1,0,2,0,1,0,0,4,3,2,0,3,1,2,2,1,3,0,1,1,2,0,0,2,1,1,9,33,71,150,217,257,340,382,479,448,464,516,506,525,523,520,527,479,498,471,463,417,395,358,322,293,267,236,210,146,141,67,35,4
0,0,0,0,0,2,0,0,1,2,2,0,0,1,0,0,3,0,1,2,0,0,1,0,1,1,2,0,1,1,2,3,2,1,3,1,4,5,0,2,1,1,0,1,2,2,0,1,3,0,1,0,3,0,3,3,7,25,89,203,355,421,468,574,556,577,607,632,669,636,669,708,655,655,635,617,630,552,554,570,493,482,442,400,357,270,214,163,130,43,8
0,0,0,0,0,0,0,0,1,0,0,0,2,1,0,1,1,0,0,0,2,0,0,1,1,0,3,0,4,3,0,4,2,4,2,0,0,0,1,1,3,1,1,1,0,1,4,2,2,0,1,5,1,0,0,3,7,52,168,317,454,554,578,596,603,687,708,684,726,798,758,730,738,797,722,723,699,717,699,675,660,612,556,460,434,362,275,213,145,63,5
0,0,0,1,0,0,0,1,1,0,1,0,0,0,0,1,0,1,1,0,0,1,0,1,2,0,1,0,2,0,1,2,0,0,1,0,2,2,1,1,3,2,2,1,3,1,0,0,1,1,2,3,1,0,0,1,9,67,205,434,525,628,646,694,756,754,703,777,783,732,736,766,807,787,807,755,743,712,671,681,645,610,559,445,479,357,300,239,140,84,9
0,0,0,0,0,1,0,1,0,1,1,2,0,0,0,1,0,0,0,2,1,0,0,0,0,4,2,1,2,0,0,0,0,1,1,0,0,0,1,0,2,4,0,0,0,1,0,3,1,1,3,0,2,3,0,2,14,101,232,384,536,623,681,660,693,735,730,749,788,717,814,753,768,773,747,748,760,652,659,688,619,555,556,473,428,358,318,216,142,74,7
0,0,0,0,0,0,0,0,1,0,0,1,1,0,2,0,1,0,0,0,1,1,3,2,1,0,1,1,1,1,0,1,1,2,0,1,0,2,2,2,0,1,1,0,1,0,3,1,2,3,2,5,1,2,2,2,16,107,262,437,563,609,627,621,662,717,681,692,713,763,710,757,770,723,679,648,642,724,601,615,539,477,478,452,374,326,247,198,115,72,4
0,0,0,0,0,2,0,0,0,0,1,0,0,0,1,1,0,0,1,1,0,0,0,3,1,0,0,1,0,2,2,1,0,1,1,1,0,1,0,3,0,5,0,1,2,3,1,0,2,1,1,1,2,2,1,1,25,123,243,446,505,574,551,619,604,640,664,642,687,652,613,626,651,604,609,578,575,562,530,528,502,442,443,388,329,317,236,161,123,64,7
0,0,0,0,0,1,0,2,1,1,0,2,1,0,1,1,0,0,0,1,0,1,1,1,1,0,1,0,1,1,0,0,0,0,1,1,1,0,0,0,1,2,2,0,2,1,0,1,0,1,1,1,1,0,0,1,23,115,238,373,494,490,534,579,588,577,543,586,604,581,590,606,564,625,505,554,531,484,477,445,465,393,350,358,275,267,206,161,107,41,3
0,0,0,0,0,2,0,1,0,1,0,1,0,0,1,1,0,0,0,0,2,0,1,2,2,1,0,0,0,0,4,0,1,0,1,2,1,2,1,1,2,1,0,1,2,1,0,0,1,1,1,1,3,3,0,2,30,112,213,311,373,445,476,489,490,516,488,543,585,526,523,520,503,473,502,498,461,438,421,379,375,314,332,309,262,211,181,132,86,43,3
0,0,0,0,0,0,0,0,0,1,0,0,0,0,1,0,0,0,0,0,0,1,1,3,0,1,0,1,1,2,3,2,2,0,0,0,1,0,1,0,1,0,1,1,0,0,0,1,1,0,1,0,1,1,3,3,24,107,188,296,354,392,387,440,455,472,445,485,490,447,461,428,456,453,399,395,416,389,396,332,324,300,248,267,241,185,159,121,89,41,4
0,0,0,0,0,0,0,1,0,0,0,0,0,0,0,0,0,0,0,1,0,0,0,0,2,0,1,1,0,1,3,1,0,2,1,0,0,0,0,1,0,0,2,1,1,0,0,2,2,1,0,0,1,1,1,1,35,84,149,245,342,376,395,365,381,412,419,392,410,411,414,407,406,382,369,343,347,318,321,262,303,258,240,235,173,152,130,102,78,36,5
0,0,0,0,0,0,0,1,0,0,0,0,0,0,0,0,0,0,0,0,2,0,0,1,0,0,2,1,0,0,0,0,1,0,2,2,3,0,0,2,0,0,0,1,0,1,0,1,0,0,1,0,1,1,1,1,21,82,135,193,270,302,302,350,368,355,338,362,373,359,343,310,316,349,337,310,306,265,273,228,224,258,184,213,172,136,122,100,55,23,2
0,0,0,0,0,0,0,0,0,0,0,0,0,0,0,0,0,0,0,0,1,1,0,0,0,0,0,0,1,1,0,1,0,1,1,0,1,0,0,0,0,0,2,0,1,2,0,0,3,1,0,0,1,0,0,1,18,75,138,176,264,247,258,278,306,328,281,342,284,310,305,302,308,279,260,252,247,248,230,233,216,198,183,169,140,120,87,81,60,21,0
0,0,0,0,0,0,0,0,0,1,0,2,0,0,0,0,1,1,0,0,0,0,0,0,0,1,0,0,1,2,0,1,0,0,0,0,1,0,0,1,3,1,2,1,0,1,0,1,0,0,1,1,0,0,2,3,23,60,92,176,171,228,248,260,275,272,287,303,253,254,280,275,262,253,230,222,209,206,199,203,166,167,154,136,135,101,75,66,55,17,3
0,0,0,0,1,1,0,0,0,0,0,1,0,0,0,0,0,0,0,1,0,0,0,0,1,2,0,2,1,1,1,0,0,1,0,2,1,1,0,1,0,1,1,1,2,1,1,1,0,0,1,0,0,1,1,3,17,45,90,150,171,211,213,237,241,243,242,261,248,220,195,238,213,204,193,189,202,185,157,164,153,133,140,102,98,90,60,46,35,15,1
0,0,0,0,0,0,0,0,0,1,0,0,0,0,1,1,0,0,0,0,2,0,1,0,0,1,0,0,0,1,0,0,0,1,0,0,0,0,1,0,0,0,0,1,0,0,0,0,0,0,0,1,0,0,0,2,17,60,84,131,158,174,181,197,184,198,204,191,215,186,174,190,175,192,157,160,152,146,137,161,128,112,111,95,91,84,75,50,33,15,2
0,0,0,0,0,0,0,0,1,0,0,0,1,0,0,0,0,0,0,0,0,0,0,0,1,0,3,0,0,0,1,0,1,1,1,1,1,0,0,0,0,0,0,1,1,0,1,1,1,0,0,0,0,0,0,0,17,51,83,92,113,136,151,153,173,161,183,184,180,171,182,167,169,165,161,135,154,155,132,139,103,99,83,85,79,67,53,34,34,7,3
0,0,0,1,1,0,0,0,0,0,1,0,0,0,0,1,1,0,0,0,1,0,0,0,0,0,0,0,1,0,0,0,1,0,0,0,0,1,0,1,1,0,0,0,0,0,0,2,3,0,0,1,1,1,0,1,21,32,51,81,106,113,169,136,144,158,128,142,166,151,147,132,135,132,141,124,100,133,116,109,106,71,75,81,80,41,44,26,16,4,1
0,0,0,0,0,0,0,0,0,0,1,0,0,1,0,0,0,0,0,0,1,0,0,0,0,1,0,0,0,1,0,0,0,0,0,0,1,0,0,0,0,1,0,1,1,1,0,0,0,0,0,1,0,0,1,0,10,29,53,72,78,113,94,127,112,147,104,124,142,141,148,114,141,111,94,102,111,93,87,96,77,64,72,57,59,62,36,32,15,10,0
0,0,0,0,0,0,0,0,0,0,0,0,0,0,0,0,0,0,0,0,0,1,0,2,0,0,0,0,0,0,0,0,0,0,0,1,0,0,0,0,1,1,1,0,0,0,0,0,0,0,0,0,1,0,0,0,4,25,50,76,77,70,103,93,128,119,120,119,111,98,108,98,89,107,88,114,83,87,71,75,66,65,58,45,59,44,24,28,25,4,1
0,0,0,0,0,0,0,0,0,0,0,0,0,1,0,0,0,0,0,0,0,0,0,2,1,1,0,0,0,0,0,0,0,1,0,0,0,0,0,0,0,1,0,0,1,1,1,0,0,0,0,0,0,0,0,3,13,30,44,62,76,77,81,86,81,80,98,103,96,82,95,93,79,84,76,95,72,82,68,80,63,56,48,45,35,34,35,21,15,7,0
0,0,0,0,0,0,0,0,0,0,0,0,0,0,0,0,0,0,0,0,0,1,0,0,1,0,0,0,0,0,0,0,1,0,0,0,1,0,0,0,1,1,0,0,0,0,0,0,0,0,1,0,0,0,0,1,9,16,35,55,63,61,73,77,64,90,71,87,76,92,80,80,75,86,64,72,60,50,55,65,55,46,42,35,38,37,18,12,15,8,1
0,0,0,0,0,0,0,0,0,0,0,0,0,0,0,1,0,0,1,0,1,0,0,0,0,0,0,0,1,0,0,1,0,0,1,0,0,0,0,0,0,0,0,0,0,0,0,0,0,0,0,1,0,0,1,1,6,15,17,36,49,51,60,69,58,66,67,64,71,71,61,64,61,72,51,53,38,45,36,43,50,40,31,33,31,23,26,17,7,6,1
0,0,0,0,0,0,0,0,0,0,0,0,0,1,0,0,0,0,1,0,0,0,0,0,0,0,0,0,0,0,0,0,1,0,0,1,0,0,1,0,1,1,0,1,0,1,0,0,0,1,0,0,0,0,1,3,7,14,26,30,48,54,49,45,55,73,70,58,51,65,79,58,54,56,60,62,39,48,44,38,23,31,31,24,21,32,23,12,6,5,0
0,0,0,0,0,0,0,0,0,0,0,0,0,0,0,0,0,0,0,0,0,0,0,0,0,0,0,0,0,0,0,0,0,0,1,0,0,0,0,0,0,0,0,0,1,0,0,0,1,0,0,0,0,1,0,0,4,16,22,34,36,42,42,49,48,44,43,49,46,64,45,53,47,43,47,38,40,46,35,33,37,23,37,32,24,17,19,13,8,4,0
0,0,0,0,0,0,0,0,0,0,0,0,0,0,0,0,0,0,1,0,0,0,0,0,0,0,0,0,1,0,0,0,0,0,0,0,0,0,0,1,1,0,0,0,0,0,0,0,0,1,0,0,0,0,0,0,4,10,22,22,22,37,38,41,43,39,31,36,38,37,34,46,46,38,33,51,38,32,31,33,21,16,29,19,19,17,8,9,8,3,0
0,0,0,0,0,0,0,0,0,0,0,0,0,0,0,0,0,0,0,0,1,0,1,0,1,0,0,0,0,0,0,0,0,0,0,0,0,0,0,0,0,0,0,0,0,0,0,0,0,0,0,1,0,0,0,0,10,15,12,23,21,26,44,40,39,29,34,37,24,40,35,34,34,38,33,32,26,23,30,24,30,26,29,10,15,12,5,9,2,2,0
0,0,0,0,0,0,0,0,0,0,0,0,0,0,0,0,0,0,0,0,0,0,0,0,0,0,0,0,1,0,0,1,0,0,0,0,0,0,1,0,0,0,0,0,0,0,0,0,0,0,0,0,1,0,0,0,5,10,16,25,19,20,30,28,24,37,30,38,32,24,37,33,32,27,22,32,19,19,24,26,22,20,18,18,11,7,8,4,3,4,0
0,0,0,0,0,0,0,0,0,0,0,0,0,0,0,0,0,0,0,0,0,0,0,0,0,0,0,0,0,0,0,0,1,0,0,0,0,0,0,0,0,0,0,0,0,0,0,0,0,0,0,1,0,0,0,0,3,5,13,13,19,16,22,30,37,22,30,21,21,31,19,31,33,21,19,28,19,16,21,19,19,14,12,16,9,10,8,4,3,3,0
0,0,0,0,0,0,0,0,0,0,0,0,0,0,0,0,0,0,0,0,1,0,0,1,0,0,0,0,0,0,0,0,0,0,1,0,0,0,0,0,0,0,0,0,0,0,0,0,0,0,0,0,0,0,0,0,5,6,10,15,14,16,16,17,21,27,26,24,27,27,19,24,20,20,21,16,20,13,16,11,14,23,9,11,9,8,5,3,1,1,0
0,0,0,0,0,0,0,0,0,0,1,0,0,0,0,0,0,0,0,0,0,0,0,0,0,0,0,0,0,0,0,0,0,1,1,0,0,0,0,1,0,0,0,0,0,0,0,0,0,0,0,0,0,0,0,0,4,5,6,11,14,10,13,28,17,18,23,20,17,18,16,9,20,18,22,15,10,12,11,17,19,12,12,7,10,7,4,5,3,1,0
0,0,0,0,0,0,0,0,0,0,0,0,0,0,0,0,0,0,0,0,0,0,0,0,0,0,0,0,0,0,0,0,0,0,0,0,0,0,0,0,0,0,0,0,0,0,0,0,0,0,0,0,0,0,0,1,1,5,10,11,8,12,14,15,17,14,13,14,17,23,16,15,13,25,10,12,18,9,15,6,11,6,9,5,6,12,6,4,3,3,0
0,0,0,0,0,0,0,0,0,0,0,0,0,0,1,0,0,0,0,0,0,0,0,0,0,0,0,0,0,0,0,0,0,0,0,0,0,0,0,0,0,0,0,0,0,0,0,0,0,0,0,0,0,0,0,0,0,3,3,4,4,16,9,9,18,6,12,14,11,11,16,18,17,20,15,7,7,15,11,11,9,10,6,5,7,7,2,3,0,2,0
0,0,0,0,0,0,0,0,0,0,0,0,0,0,0,0,0,0,0,0,0,0,0,0,0,0,0,0,0,0,0,0,0,0,0,0,0,0,1,0,0,0,0,0,0,0,0,0,0,0,0,0,0,0,0,0,2,1,9,9,10,8,11,9,9,11,7,7,7,14,14,13,9,11,8,10,17,5,5,12,8,3,8,4,3,3,1,3,0,0,0
0,0,0,0,0,0,0,0,0,0,0,0,0,0,0,0,0,0,0,0,0,0,0,0,0,0,0,0,0,0,0,0,0,0,0,0,0,0,0,0,0,0,0,0,0,0,0,0,0,0,0,0,0,0,0,1,2,3,7,9,11,5,10,9,10,13,9,8,10,16,8,10,12,8,5,11,8,8,5,3,7,6,5,5,4,2,3,0,1,0,0
0,0,0,0,0,0,0,0,0,0,0,0,0,0,0,0,0,0,0,0,0,0,0,0,0,0,0,0,0,0,0,0,0,0,0,0,0,0,0,0,0,0,0,0,0,0,1,0,0,0,0,0,0,0,0,1,3,2,0,6,3,4,7,4,5,16,7,7,6,7,8,8,10,8,10,8,7,6,7,6,6,3,2,3,5,6,0,0,0,1,0
0,0,0,0,0,0,0,0,0,0,0,0,0,0,0,0,0,0,0,0,0,0,0,0,0,1,0,0,0,0,0,0,0,0,0,0,0,0,0,0,0,0,0,0,0,0,0,0,0,0,0,0,1,0,0,1,1,2,1,3,4,3,6,7,4,3,11,3,11,7,4,3,9,6,6,3,6,3,5,4,5,2,0,2,3,3,3,2,1,0,0
0,0,0,1,0,0,0,0,0,0,0,0,0,0,0,0,0,0,0,0,0,0,0,0,0,0,0,0,0,0,0,0,0,0,0,0,0,0,0,0,0,0,0,0,0,0,0,0,0,0,0,0,0,0,0,0,0,3,0,1,7,3,6,8,7,1,5,7,9,7,7,4,5,6,5,4,7,4,2,1,4,7,2,4,1,0,0,1,0,0,0
0,0,0,0,0,0,0,0,0,0,0,0,0,0,0,0,0,0,0,0,0,0,0,0,0,0,0,0,0,0,0,0,0,0,0,0,0,0,0,0,0,0,0,0,0,0,0,0,0,0,0,0,0,0,0,0,1,2,0,5,3,3,4,4,8,4,6,2,6,5,7,2,6,10,5,4,5,1,6,5,5,4,1,1,4,1,1,1,1,0,0
0,0,0,0,0,0,0,0,0,0,0,0,0,0,0,0,0,0,0,0,0,0,0,0,0,0,0,0,0,0,0,0,0,0,0,0,0,0,0,0,0,1,0,0,0,0,0,0,0,0,0,0,0,0,0,0,1,1,0,0,2,0,2,3,2,4,3,5,4,5,4,5,0,8,1,3,1,4,2,2,3,2,2,0,0,2,0,0,1,0,0
0,0,0,0,0,0,0,0,0,0,0,0,0,0,0,0,0,0,0,0,0,0,0,0,0,0,0,0,0,0,0,0,0,0,0,0,0,0,0,0,0,0,0,0,0,0,0,0,0,0,0,0,0,0,0,0,0,2,4,2,2,5,2,5,5,2,3,2,2,1,5,1,0,4,3,4,3,2,2,1,2,5,1,2,2,0,1,1,1,0,0
0,0,0,0,0,0,0,0,0,0,0,0,0,0,0,0,0,0,0,0,0,0,0,0,0,0,0,0,0,0,0,0,0,0,0,0,0,0,0,0,0,0,0,0,0,0,0,0,0,0,0,0,0,0,0,0,1,1,2,0,0,1,0,3,1,4,4,5,2,6,2,3,6,3,4,3,3,2,0,0,3,0,1,1,0,1,1,1,1,0,0
0,0,0,0,0,0,0,0,0,0,0,0,0,0,0,0,0,0,0,0,0,0,0,0,0,0,0,0,0,0,0,0,0,0,0,0,0,0,0,0,0,0,0,0,0,0,0,0,0,0,0,0,0,0,0,1,0,1,1,1,2,5,3,1,5,5,2,6,0,3,6,2,2,7,1,1,2,0,1,1,2,0,3,3,1,1,1,0,0,0,0
0,0,0,0,0,0,0,0,0,0,0,0,0,0,0,0,0,0,0,0,0,0,0,0,0,0,0,0,0,0,0,0,0,0,0,0,0,0,0,0,0,0,0,0,0,1,0,0,0,0,0,0,0,0,0,0,0,0,1,1,2,1,0,1,4,3,3,3,3,2,0,5,3,1,4,2,2,4,6,1,3,0,0,2,1,0,0,2,1,0,0
0,0,0,0,0,0,0,0,0,0,0,0,0,0,0,0,0,0,0,0,0,0,0,0,0,0,0,0,0,0,0,0,0,0,0,0,0,0,0,0,0,0,0,0,0,0,0,0,0,0,0,0,0,0,0,0,1,1,2,3,1,0,1,4,0,1,1,1,1,2,2,4,3,3,0,0,2,2,1,3,1,3,2,0,0,1,1,1,1,1,0
0,0,0,0,0,0,0,0,0,0,0,0,0,0,0,0,0,0,0,0,0,0,0,0,0,0,0,0,0,0,0,0,0,0,0,0,0,0,0,0,0,0,0,0,0,0,0,0,0,0,0,0,0,0,0,0,0,0,0,1,2,1,0,1,1,0,1,1,2,0,2,3,1,3,1,0,0,1,0,2,0,2,2,0,0,0,1,0,0,1,0
0,0,0,0,0,0,0,0,0,0,0,0,0,0,0,0,0,0,0,0,0,0,0,0,0,0,0,0,0,0,0,0,0,0,0,0,0,0,0,0,0,0,0,0,0,0,0,0,0,0,0,0,0,0,0,0,0,0,0,1,0,1,0,2,2,2,1,2,1,3,0,0,0,4,2,0,3,0,2,0,0,0,1,1,0,0,0,0,1,0,0
0,0,0,0,0,0,0,0,0,0,0,0,0,0,0,0,0,0,0,0,0,0,0,1,0,0,0,0,0,0,0,0,0,0,0,0,0,0,0,0,0,0,0,0,0,0,0,0,0,0,0,0,0,1,0,0,0,1,2,0,2,0,1,1,2,1,2,1,2,0,0,0,1,1,1,0,0,1,1,0,1,2,1,0,1,0,0,0,0,0,0
0,0,0,0,0,0,0,0,0,0,0,0,0,0,0,0,0,0,0,0,0,0,0,0,0,0,0,0,0,0,0,0,0,0,0,0,0,0,0,0,0,0,0,0,0,0,0,0,0,0,0,0,0,0,0,0,0,0,0,0,0,0,0,0,1,2,1,1,0,0,3,3,0,1,0,2,0,1,0,0,1,1,0,1,0,1,0,0,0,0,0
0,0,0,0,0,0,0,0,0,0,0,0,0,0,0,0,0,0,0,0,0,0,0,0,0,0,0,0,0,0,0,0,0,0,0,0,0,0,0,0,0,0,0,0,0,0,0,0,0,0,0,0,0,0,0,0,0,0,0,0,0,0,0,1,1,1,0,0,1,2,1,1,0,0,0,1,1,3,0,1,0,0,0,0,0,1,1,0,0,0,0
0,0,0,0,0,0,0,0,0,0,0,0,0,0,0,0,0,0,0,0,0,0,0,0,0,0,0,0,0,0,0,0,0,0,0,0,0,0,0,0,0,0,0,0,0,0,0,0,0,0,0,0,0,0,0,0,0,0,0,1,0,0,1,1,0,1,0,1,1,1,2,1,0,2,0,2,0,0,0,0,0,0,0,1,0,0,0,0,0,0,0
0,0,0,0,0,0,0,0,0,0,0,0,0,0,0,0,0,0,0,0,0,0,0,0,0,0,0,0,0,0,0,0,0,0,0,0,0,0,0,0,0,0,0,0,1,0,0,0,0,0,0,0,0,0,0,0,0,0,0,0,1,1,0,0,0,0,1,0,1,0,0,1,2,1,0,2,1,0,0,1,0,0,1,0,0,0,0,0,0,0,0
0,0,0,0,0,0,0,0,0,0,0,0,0,0,0,0,0,0,0,0,0,0,0,0,0,0,0,0,0,0,0,0,0,0,0,0,0,0,0,0,0,0,0,0,0,0,0,0,0,0,0,0,0,0,0,0,0,0,0,0,1,1,0,1,0,0,2,0,0,1,1,4,0,0,0,0,0,1,0,0,1,1,0,0,0,0,1,0,0,0,0
0,0,0,0,0,0,0,0,0,0,0,0,0,0,0,0,0,0,0,0,0,0,0,0,0,0,0,0,0,0,0,0,0,0,0,0,0,0,0,0,0,0,0,0,0,0,0,0,0,0,0,0,0,0,0,0,0,0,0,0,0,0,0,0,0,1,1,0,1,0,2,1,1,0,0,0,1,0,0,0,0,0,0,1,0,0,0,0,0,0,0
0,0,0,0,0,0,0,0,0,0,0,0,0,0,0,0,0,0,0,0,0,0,0,0,0,0,0,0,0,0,0,0,0,0,0,0,0,0,0,0,0,0,0,0,0,0,0,0,0,0,0,0,0,0,0,0,0,0,1,1,0,0,0,0,0,0,0,0,0,0,1,0,3,0,0,0,0,0,0,1,0,0,0,0,0,0,0,0,0,0,0
0,0,0,0,0,0,0,0,0,0,0,0,0,0,0,0,0,0,0,0,0,0,0,0,0,0,0,0,0,0,0,0,0,0,0,0,0,0,0,0,0,0,0,0,0,0,0,0,0,0,0,0,0,0,0,0,0,0,0,0,0,0,0,0,0,1,0,0,0,0,0,0,0,0,0,1,0,0,0,0,0,0,0,0,0,0,0,0,0,0,0
0,0,0,0,0,0,0,0,0,0,0,0,0,0,0,0,0,0,0,0,0,0,0,0,0,0,0,0,0,0,0,0,0,0,0,0,0,0,0,0,0,0,0,0,0,0,0,0,0,0,0,0,0,0,0,0,0,0,0,1,0,0,0,0,0,0,1,0,0,1,0,0,0,0,1,0,0,0,0,1,0,0,1,0,0,0,0,0,0,0,0
0,0,0,0,0,0,0,0,0,0,0,0,0,0,0,0,0,0,0,0,0,0,0,0,0,0,0,0,0,0,0,0,0,0,0,0,0,0,0,0,0,0,0,0,0,0,0,0,0,0,0,0,0,0,0,0,0,0,0,1,0,0,1,0,0,0,1,0,1,0,1,0,0,1,1,0,0,0,0,0,0,0,0,0,0,0,0,0,0,0,0
0,0,0,0,0,0,0,0,0,0,0,0,0,0,0,0,0,0,0,0,0,0,0,0,0,0,0,0,0,0,0,0,0,0,0,0,0,0,0,0,0,0,0,0,0,0,0,0,0,0,0,0,0,0,0,0,0,0,0,0,0,0,0,0,1,0,0,0,0,0,0,0,0,0,0,0,0,0,0,0,1,0,0,0,0,1,1,0,0,0,0
0,0,0,0,0,0,0,0,0,0,0,0,0,0,0,0,0,0,0,0,0,0,0,0,0,0,0,0,0,0,0,0,0,0,0,0,0,0,0,0,0,0,0,0,0,0,0,0,0,0,0,0,0,0,0,0,0,0,0,0,0,0,0,0,1,0,0,0,0,0,1,0,0,0,0,0,0,0,0,0,0,0,0,0,0,0,0,0,0,0,0
0,0,0,0,0,0,0,0,0,0,0,0,0,0,0,0,0,0,0,0,0,0,0,0,0,0,0,0,0,0,0,0,0,0,0,0,0,0,0,0,0,0,0,0,0,0,0,0,0,0,0,0,0,0,0,0,0,0,0,0,1,1,0,0,1,0,0,0,0,0,0,0,0,0,0,0,0,0,0,0,0,0,0,0,0,0,0,0,0,0,0
0,0,0,0,0,0,0,0,0,0,0,0,0,0,0,0,0,0,0,0,0,0,0,0,0,0,0,0,0,0,0,0,0,0,0,0,0,0,0,0,0,0,0,0,0,0,0,0,0,0,0,0,0,0,0,0,0,0,0,0,0,0,0,0,0,0,0,0,0,0,1,0,0,0,1,0,0,0,0,0,0,0,0,0,0,0,0,0,0,1,0
0,0,0,0,0,0,0,0,0,0,0,0,0,0,0,0,0,0,0,0,0,0,0,0,0,0,0,0,0,0,0,0,0,0,0,0,0,0,0,0,0,0,0,0,0,0,0,0,0,0,0,0,0,0,0,0,0,0,0,0,0,0,0,0,0,0,0,0,0,0,1,0,0,1,0,0,0,0,0,0,0,0,0,0,0,0,0,0,0,0,0
0,0,0,0,0,0,0,0,0,0,0,0,0,0,0,0,0,0,0,0,0,0,0,0,0,0,0,0,0,0,0,0,0,0,0,0,0,0,0,0,0,0,0,0,0,0,0,0,0,0,0,0,0,0,0,0,0,0,0,0,0,0,0,0,0,0,1,0,0,0,0,1,0,0,0,0,0,0,0,0,0,0,0,0,0,0,0,0,0,0,0
0,0,0,0,0,0,0,0,0,0,0,0,0,0,0,0,0,0,0,0,0,0,0,0,0,0,0,0,0,0,0,0,0,0,0,0,0,0,0,0,0,0,0,0,0,0,0,0,0,0,0,0,0,0,0,0,0,0,0,0,0,0,0,0,0,0,0,0,0,0,0,0,0,0,0,0,0,0,1,0,0,0,0,0,0,0,0,0,0,0,0
0,0,0,0,0,0,0,0,0,0,0,0,0,0,0,0,0,0,0,0,0,0,0,0,0,0,0,0,0,0,0,0,0,0,0,0,0,0,0,0,0,0,0,0,0,0,0,0,0,0,0,0,0,0,0,0,0,0,0,0,0,0,0,0,0,0,0,0,1,0,0,0,0,0,0,0,1,0,0,0,0,0,0,0,0,0,1,0,0,0,0
0,0,0,0,0,0,0,0,0,0,0,0,0,0,0,0,0,0,0,0,0,0,0,0,0,0,0,0,0,0,0,0,0,0,0,0,0,0,0,0,0,0,0,0,0,0,0,0,0,0,0,0,0,0,0,0,0,0,0,0,0,0,0,0,0,0,0,0,0,0,0,0,0,0,0,0,0,0,0,0,0,0,0,0,0,0,0,0,0,0,0
0,0,0,0,0,0,0,0,0,0,0,0,0,0,0,0,0,0,0,0,0,0,0,0,0,0,0,0,0,0,0,0,0,0,0,0,0,0,0,0,0,0,0,0,0,0,0,0,0,0,0,0,0,0,0,0,0,0,0,0,0,0,1,0,0,0,0,0,0,0,0,0,0,1,0,0,0,0,0,0,0,0,0,0,0,0,0,0,0,0,0
0,0,0,0,0,0,0,0,0,0,0,0,0,0,0,0,0,0,0,0,0,0,0,0,0,0,0,0,0,0,0,0,0,0,0,0,0,0,0,0,0,0,0,0,0,0,0,0,0,0,0,0,0,0,0,0,0,0,0,0,0,0,0,0,0,0,0,0,0,0,0,0,0,0,0,1,0,0,0,0,0,0,0,0,0,0,0,0,0,0,0
0,0,0,0,0,0,0,0,0,0,0,0,0,0,0,0,0,0,0,0,0,0,0,0,0,0,0,0,0,0,0,0,0,0,0,0,0,0,0,0,0,0,0,0,0,0,0,0,0,0,0,0,0,0,0,0,0,0,0,0,0,0,0,0,0,0,0,0,0,0,0,1,0,0,0,0,0,0,0,0,0,0,0,0,0,0,0,0,0,0,0
0,0,0,0,0,0,0,0,0,0,0,0,0,0,0,0,0,0,0,0,0,0,0,0,0,0,0,0,0,0,0,0,0,0,0,0,0,0,0,0,0,0,0,0,0,0,0,0,0,0,0,0,0,0,0,0,0,0,0,0,0,0,0,0,0,0,0,0,0,0,0,0,0,0,0,0,0,0,0,0,0,0,0,0,0,0,0,0,0,0,0
0,0,0,0,0,0,0,0,0,0,0,0,0,0,0,0,0,0,0,0,0,0,0,0,0,0,0,0,0,0,0,0,0,0,0,0,0,0,0,0,0,0,0,0,0,0,0,0,0,0,0,0,0,0,0,0,0,0,0,0,0,0,0,0,0,0,0,0,0,0,0,0,0,0,0,0,0,0,0,0,0,0,0,0,0,0,0,0,0,0,0
0,0,0,0,0,0,0,0,0,0,0,0,0,0,0,0,0,0,0,0,0,0,0,0,0,0,0,0,0,0,0,0,0,0,0,0,0,0,0,0,0,0,0,0,0,0,0,0,0,0,0,0,0,0,0,0,0,0,0,0,0,0,0,0,0,0,0,0,0,0,0,0,1,0,0,0,0,0,0,0,0,0,0,0,0,0,0,0,0,0,0
0,0,0,0,0,0,0,0,0,0,0,0,0,0,0,0,0,0,0,0,0,0,0,0,0,0,0,0,0,0,0,0,0,0,0,0,0,0,0,0,0,0,0,0,0,0,0,0,0,0,0,0,0,0,0,0,0,0,0,0,0,0,0,0,0,0,0,0,0,0,0,0,0,0,0,0,0,0,0,0,0,0,0,0,0,0,0,0,0,0,0
0,0,0,0,0,0,0,0,0,0,0,0,0,0,0,0,0,0,0,0,0,0,0,0,0,0,0,0,0,0,0,0,0,0,0,0,0,0,0,0,0,0,0,0,0,0,0,0,0,0,0,0,0,0,0,0,0,0,0,0,0,0,0,0,0,0,0,0,0,0,0,0,0,0,0,0,0,0,0,0,0,0,0,0,0,0,0,0,0,0,0
0,0,0,0,0,0,0,0,0,0,0,0,0,0,0,0,0,0,0,0,0,0,0,0,0,0,0,0,0,0,0,0,0,0,0,0,0,0,0,0,0,0,0,0,0,0,0,0,0,0,0,0,0,0,0,0,0,0,0,0,0,0,0,0,0,0,0,0,0,0,0,0,0,0,0,0,0,0,0,0,0,0,0,0,0,0,0,0,0,0,0
0,0,0,0,0,0,0,0,0,0,0,0,0,0,0,0,0,0,0,0,0,0,0,0,0,0,0,0,0,0,0,0,0,0,0,0,0,0,0,0,0,0,0,0,0,0,0,0,0,0,0,0,0,0,0,0,0,0,0,0,0,0,0,0,0,0,0,0,0,0,0,0,0,0,0,0,0,0,0,0,0,0,0,0,0,0,0,0,0,0,0
0,0,0,0,0,0,0,0,0,0,0,0,0,0,0,0,0,0,0,0,0,0,0,0,0,0,0,0,0,0,0,0,0,0,0,0,0,0,0,0,0,0,0,0,0,0,0,0,0,0,0,0,0,0,0,0,0,0,0,0,0,0,0,0,0,0,0,0,0,0,0,0,0,0,0,0,0,0,0,0,0,0,0,0,0,0,0,0,0,0,0
0,0,0,0,0,0,0,0,0,0,0,0,0,0,0,0,0,0,0,0,0,0,0,0,0,0,0,0,0,0,0,0,0,0,0,0,0,0,0,0,0,0,0,0,0,0,0,0,0,0,0,0,0,0,0,0,0,0,0,0,0,0,0,0,0,0,0,0,0,0,0,0,0,0,0,0,0,0,0,0,0,0,0,1,0,0,0,0,0,0,0
0,0,0,0,0,0,0,0,0,0,0,0,0,0,0,0,0,0,0,0,0,0,0,0,0,0,0,0,0,0,0,0,0,0,0,0,0,0,0,0,0,0,0,0,0,0,0,0,0,0,0,0,0,0,0,0,0,0,0,0,0,0,0,0,0,0,0,0,0,0,0,0,0,0,0,0,0,0,0,0,0,0,0,0,0,0,0,0,0,0,0
0,0,0,0,0,0,0,0,0,0,0,0,0,0,0,0,0,0,0,0,0,0,0,0,0,0,0,0,0,0,0,0,0,0,0,0,0,0,0,0,0,0,0,0,0,0,0,0,0,0,0,0,0,0,0,0,0,0,0,0,0,0,0,0,0,0,0,0,0,0,0,0,0,0,0,0,0,0,0,0,0,0,0,0,0,0,0,0,0,0,0
0,0,0,0,0,0,0,0,0,0,0,0,0,0,0,0,0,0,0,0,0,0,0,0,0,0,0,0,0,0,0,0,0,0,0,0,0,0,0,0,0,0,0,0,0,0,0,0,0,0,0,0,0,0,0,0,0,0,0,0,0,0,0,0,0,0,0,0,0,0,0,0,0,0,0,0,0,0,0,0,0,0,0,0,0,0,0,0,0,0,0
0,0,0,0,0,0,0,0,0,0,0,0,0,0,0,0,0,0,0,0,0,0,0,0,0,0,0,0,0,0,0,0,0,0,0,0,0,0,0,0,0,0,0,0,0,0,0,0,0,0,0,0,0,0,0,0,0,0,0,0,0,0,0,0,0,0,0,0,0,0,0,0,0,0,0,0,0,0,0,0,0,0,0,0,0,0,0,0,0,0,0
0,0,0,0,0,0,0,0,0,0,0,0,0,0,0,0,0,0,0,0,0,0,0,0,0,0,0,0,0,0,0,0,0,0,0,0,0,0,0,0,0,0,0,0,0,0,0,0,0,0,0,0,0,0,0,0,0,0,0,0,0,0,0,0,0,0,0,0,0,0,0,0,0,0,0,0,0,0,0,0,0,0,0,0,0,0,0,0,0,0,0
0,0,0,0,0,0,0,0,0,0,0,0,0,0,0,0,0,0,0,0,0,0,0,0,0,0,0,0,0,0,0,0,0,0,0,0,0,0,0,0,0,0,0,0,0,0,0,0,0,0,0,0,0,0,0,0,0,0,0,0,0,0,0,0,0,0,0,0,0,0,0,0,0,0,0,0,0,0,0,0,0,0,0,0,0,0,0,0,0,0,0
0,0,0,0,0,0,0,0,0,0,0,0,0,0,0,0,0,0,0,0,0,0,0,0,0,0,0,0,0,0,0,0,0,0,0,0,0,0,0,0,0,0,0,0,0,0,0,0,0,0,0,0,0,0,0,0,0,0,0,0,0,0,0,0,0,0,0,0,0,0,0,0,1,0,0,0,0,0,0,0,0,0,0,0,0,0,0,0,0,0,0
