0,0,0,0,0,0,0,0,0,0,0,0,0,0,0,1,2,0,0,0,0,0,0,0,0,0,0,0,0,0,0,1,0,0,0,0,0,0,0,0,0,0,0,0,0,0,0,0,0,1,0,0,0,0,1,0,0,0,0,0,1,1,1,0,0,0,0,2,0,1,1,0,2,5,4,3,1,0,2,2,1,0,0,1,1,1,0,1,0,0,0
0,0,0,0,0,0,0,0,0,0,0,0,0,0,0,0,2,1,0,3,0,0,1,1,1,2,1,0,0,0,0,1,2,1,1,2,0,1,0,2,0,0,0,1,0,0,1,0,0,1,1,0,0,3,1,3,0,0,1,2,0,0,1,1,0,0,3,2,6,8,4,8,17,19,16,18,16,15,12,11,10,12,17,4,6,8,7,2,2,1,0
0,0,0,0,0,1,0,0,1,0,0,1,1,1,1,0,1,1,4,1,1,1,0,2,4,1,1,0,1,5,1,1,2,1,0,1,3,1,3,1,3,0,2,3,2,1,1,1,1,1,0,1,2,1,2,1,0,0,1,1,1,1,1,0,0,1,2,6,3,9,13,23,20,30,39,42,37,32,45,37,21,29,37,38,24,18,23,12,4,2,1
0,0,0,1,0,0,0,1,1,1,0,2,0,1,1,2,1,1,1,0,2,1,1,2,0,2,0,2,3,3,0,1,3,3,3,1,3,2,4,1,1,5,5,3,3,1,0,4,4,3,2,2,4,3,1,1,2,1,3,0,0,0,1,1,2,3,3,2,5,11,28,48,60,66,77,109,128,115,124,147,153,134,137,117,102,88,70,62,42,13,4
0,0,0,0,0,0,1,0,0,1,0,1,3,3,1,5,0,1,4,3,1,0,1,0,1,4,2,1,4,2,1,4,2,7,1,6,1,4,0,1,3,5,1,3,2,1,1,1,5,3,2,3,4,3,0,6,2,3,6,4,1,1,3,8,2,3,0,2,6,22,73,175,269,335,382,415,452,427,461,424,467,427,370,356,298,281,206,168,105,45,4
0,0,0,0,1,0,0,1,0,2,1,0,2,2,3,4,1,3,1,1,4,4,2,3,3,4,3,5,5,3,1,5,5,3,3,4,4,3,4,2,2,2,3,4,2,1,2,1,4,2,0,6,3,5,2,0,5,0,3,5,1,2,1,1,3,3,2,2,12,108,267,464,560,678,727,696,646,708,700,646,622,602,496,520,434,386,304,223,146,76,11
0,0,0,0,0,0,1,0,0,0,2,1,1,0,2,2,0,5,0,4,1,6,0,3,2,4,3,1,3,1,0,1,2,1,1,4,3,6,3,2,1,3,2,5,3,4,3,2,2,2,2,2,0,3,1,5,3,3,6,2,1,1,1,0,3,1,1,2,17,190,514,659,784,808,859,884,876,893,910,884,873,773,754,733,615,528,428,370,251,121,17
0,0,0,0,0,0,2,0,4,1,2,0,4,1,2,1,2,2,1,4,3,3,1,3,2,2,1,3,4,2,1,1,4,3,5,1,1,4,3,3,3,2,3,0,5,1,4,2,3,1,1,3,4,2,4,1,2,3,1,2,4,3,3,1,2,5,2,2,44,311,590,849,864,907,963,911,972,1026,1044,992,943,978,899,789,738,636,539,401,258,134,21
0,0,2,1,2,1,2,0,0,3,3,0,2,0,1,2,2,2,2,1,1,2,4,0,1,4,1,4,3,3,1,8,5,4,4,4,7,3,2,2,2,5,1,5,3,1,6,5,3,3,5,1,4,2,2,4,4,1,3,3,2,4,3,3,4,4,4,6,60,359,714,830,947,932,964,982,1044,945,989,970,965,943,898,798,738,676,560,406,238,119,12
0,0,0,0,0,0,1,0,0,0,0,4,2,2,4,0,1,3,3,4,0,1,4,0,4,1,3,3,2,3,2,4,3,7,2,1,1,0,7,7,2,0,3,1,1,1,3,0,4,4,2,4,1,5,1,2,3,2,2,4,0,1,1,2,4,3,4,6,86,387,672,788,894,887,909,923,939,892,917,939,933,881,851,772,732,588,518,395,228,116,11
0,0,0,0,0,1,1,1,0,0,1,1,0,0,2,2,4,2,1,3,3,2,2,5,5,3,0,0,2,0,1,3,4,1,1,2,0,1,2,7,4,3,1,2,4,2,3,8,7,3,2,3,5,1,5,2,2,1,3,2,2,2,4,5,3,2,1,8,81,364,575,718,792,851,864,858,857,913,869,816,827,837,779,715,619,541,441,350,219,115,12
0,0,2,0,0,0,1,2,0,0,1,2,2,0,0,1,2,1,0,0,3,2,2,4,1,0,4,1,2,2,1,2,2,5,3,6,3,0,0,0,0,1,2,2,2,4,2,3,2,4,1,4,5,4,4,3,1,3,3,1,2,7,3,2,3,2,1,4,96,331,596,675,736,762,854,825,847,798,748,777,775,748,638,604,541,481,430,315,201,100,12
0,0,0,0,0,0,1,0,0,0,3,0,3,0,0,1,2,1,0,2,2,1,3,2,2,3,2,1,4,2,4,0,2,2,2,1,2,2,2,2,1,1,3,1,5,1,2,2,2,2,6,1,1,3,2,1,1,4,1,3,1,1,4,0,3,1,1,4,88,335,489,636,651,684,711,755,693,718,692,673,627,618,551,602,472,415,341,265,183,74,16
1,0,0,1,0,0,0,0,0,0,1,0,0,0,1,0,2,3,3,3,1,1,2,0,3,0,3,1,3,2,0,4,6,3,1,3,0,1,5,5,3,1,2,0,4,2,1,2,4,0,4,2,1,2,3,4,2,3,2,3,1,1,2,3,1,2,2,5,77,270,440,539,558,607,593,597,635,596,625,570,579,541,537,510,413,376,326,221,137,66,8
0,0,0,0,2,0,2,0,1,0,0,0,1,1,1,2,2,2,1,4,0,2,3,3,2,4,2,2,2,3,2,2,1,2,2,6,1,1,0,1,1,4,3,4,2,2,3,0,4,1,2,3,1,3,2,2,3,4,2,0,1,3,1,0,0,2,2,3,78,250,379,466,551,533,547,549,562,585,545,477,480,461,452,411,377,311,272,199,110,71,6
0,0,1,0,0,1,0,1,1,1,2,1,0,1,1,2,1,1,2,1,0,1,3,4,3,1,0,1,0,0,1,1,3,1,2,3,1,0,2,3,1,4,4,1,4,3,0,4,1,1,1,2,2,2,4,3,3,2,3,1,0,2,0,4,1,3,1,2,76,217,328,434,408,435,456,442,464,457,475,431,399,359,404,361,320,248,230,163,99,49,9
0,0,0,1,0,0,0,1,0,2,0,0,2,0,0,2,2,0,1,1,0,0,0,1,0,2,1,2,1,2,0,1,0,1,1,0,2,2,1,1,2,0,6,3,1,2,2,1,1,1,1,0,1,0,1,1,2,2,0,0,2,4,1,0,1,2,1,4,84,201,310,383,399,402,438,466,423,399,394,386,391,367,318,296,247,247,171,139,96,45,9
0,0,0,0,0,0,0,0,0,0,0,0,0,0,1,1,0,2,0,2,1,0,2,1,1,0,4,1,2,1,3,2,0,3,2,1,1,2,2,0,0,3,3,0,1,3,2,3,0,1,2,0,4,3,2,2,0,0,0,1,0,0,1,2,0,2,3,5,79,213,257,309,345,341,379,367,342,333,360,364,332,303,259,257,225,216,172,143,88,47,2
0,0,0,0,0,0,0,0,1,1,0,0,0,2,1,0,0,0,1,1,2,1,2,2,2,2,0,2,0,2,1,1,0,1,2,0,1,1,0,2,1,0,2,2,2,0,2,3,2,0,2,2,1,0,0,2,2,3,1,1,3,3,0,0,1,2,1,3,50,155,203,267,265,287,297,290,349,324,317,261,261,275,251,237,210,195,127,117,61,32,7
0,0,0,0,0,0,0,1,0,1,0,0,1,0,0,2,0,0,2,1,2,0,1,1,0,0,1,3,1,0,0,2,0,1,0,0,0,2,1,2,2,5,0,0,0,3,1,1,0,1,2,2,3,2,1,2,4,2,0,1,0,2,0,1,2,0,0,4,49,156,170,218,256,288,306,289,275,272,251,245,247,216,210,204,163,151,133,99,64,29,5
0,0,1,0,0,0,0,1,0,0,0,0,0,0,0,0,0,0,1,1,0,0,0,1,0,0,2,1,0,3,2,1,1,0,1,0,0,2,1,1,0,1,3,2,0,2,0,1,0,0,0,2,3,3,0,1,1,1,0,0,1,2,1,1,1,0,0,3,49,120,154,199,228,204,228,223,201,243,233,240,218,183,196,167,147,103,99,97,58,26,3
0,0,0,0,0,0,0,0,0,0,0,2,1,0,0,0,0,0,1,1,0,0,0,1,1,1,0,1,1,0,1,1,1,0,1,0,2,2,3,2,1,0,0,1,0,0,3,1,0,4,2,0,1,1,1,3,2,1,0,2,0,1,2,2,1,2,2,5,48,126,155,168,193,218,197,216,203,203,201,194,168,186,153,140,140,100,78,63,47,23,3
0,0,0,0,0,0,0,1,0,0,0,0,2,0,0,0,2,1,1,0,0,0,0,0,1,0,2,1,0,0,0,0,0,1,2,2,2,1,1,0,0,0,0,0,3,0,1,1,2,3,0,1,2,2,1,2,2,0,1,2,2,2,0,0,0,2,1,4,35,91,108,124,138,164,178,155,188,165,152,156,164,145,110,118,101,109,73,60,52,16,2
0,0,0,0,1,0,0,0,0,0,0,0,1,0,0,1,0,1,0,0,0,0,1,0,0,2,0,0,3,1,0,0,1,1,1,0,0,0,2,0,1,1,2,0,1,0,1,2,1,0,0,1,1,0,1,1,0,0,2,1,0,2,0,1,1,0,1,4,35,69,92,136,141,145,146,143,159,161,151,142,110,124,107,90,92,89,73,58,28,21,3
0,0,0,0,0,0,0,0,1,0,0,1,0,0,0,0,0,2,2,0,1,0,0,0,1,3,0,2,1,0,1,2,0,1,1,0,1,0,0,0,0,1,0,1,1,0,2,1,2,0,0,1,1,0,2,0,1,0,0,1,0,0,1,0,0,0,0,4,26,71,85,85,100,120,144,125,156,144,141,133,117,104,104,80,81,61,59,47,35,12,3
0,0,0,0,0,0,0,0,0,0,0,0,0,0,0,0,1,1,1,0,1,0,1,0,0,1,0,1,0,2,0,1,0,0,0,0,1,2,0,0,1,0,1,0,0,0,0,2,0,0,0,1,0,2,0,1,1,1,0,0,0,0,1,0,0,2,1,4,28,52,55,77,113,102,96,103,122,98,111,109,91,89,81,75,77,59,52,36,35,13,2
0,0,0,0,0,0,0,0,0,0,0,0,0,0,0,1,0,1,0,0,1,0,1,0,1,0,0,0,1,0,0,0,0,0,0,2,2,1,1,0,0,1,0,0,1,0,0,0,1,0,0,0,0,0,1,1,0,0,0,0,0,0,0,0,1,0,1,1,14,41,67,73,88,75,105,94,87,85,88,83,56,72,72,67,43,63,34,29,31,7,2
0,0,0,0,0,0,0,0,0,0,0,0,0,0,0,0,0,1,1,0,0,0,1,0,0,0,1,0,1,0,1,0,0,0,0,1,0,0,0,0,1,2,1,1,1,1,0,2,0,0,0,0,2,0,0,2,1,1,0,1,1,0,1,0,0,0,2,4,14,36,41,57,64,50,94,101,90,76,74,73,71,62,66,65,40,40,38,31,19,9,0
0,0,0,0,0,0,0,0,0,0,0,0,1,0,0,0,0,0,0,0,0,0,0,0,0,2,0,0,0,0,0,2,0,3,1,1,2,1,0,0,0,2,0,0,0,0,0,1,2,0,0,0,1,1,0,0,0,0,0,0,0,1,0,0,0,0,0,3,14,33,47,50,75,58,72,57,67,89,70,76,50,62,56,51,52,38,24,30,11,7,4
0,0,0,0,0,0,1,0,0,0,0,1,0,0,0,1,0,0,0,0,0,0,0,0,0,0,1,0,1,1,2,1,1,2,0,0,2,0,0,0,0,1,0,0,0,0,0,2,0,0,0,2,1,0,1,1,0,0,0,1,0,1,0,0,0,0,0,3,15,32,48,52,48,51,46,56,53,67,63,47,44,47,60,54,34,36,33,20,11,11,0
0,0,0,0,0,0,0,0,1,0,0,0,1,1,0,1,0,0,0,0,0,0,0,0,0,0,1,0,0,0,0,0,0,0,2,0,0,1,1,0,0,0,2,1,0,0,0,0,1,0,0,0,0,0,0,1,1,0,0,0,1,0,1,1,0,0,0,1,10,26,43,43,47,47,52,53,59,46,36,60,38,41,53,31,36,31,19,22,9,8,0
0,0,0,0,0,0,0,0,0,0,0,0,0,0,0,1,2,0,0,0,0,0,0,0,0,1,0,1,0,0,0,0,0,1,0,0,0,0,0,1,0,1,0,1,0,0,0,1,0,0,0,1,0,0,0,1,0,0,0,0,0,0,1,2,0,0,1,0,9,31,26,28,36,45,61,52,49,42,29,44,32,42,18,24,27,13,17,19,9,3,0
0,0,0,0,0,0,0,0,0,0,0,0,1,0,1,0,0,0,0,0,0,0,0,0,0,0,0,0,0,0,1,0,0,0,0,0,1,0,0,0,0,1,0,0,0,0,0,0,0,0,1,0,0,2,0,0,0,0,0,0,1,1,0,0,0,0,1,1,13,27,21,34,34,41,36,31,35,36,34,35,37,32,23,27,23,17,15,13,8,3,0
0,0,0,0,0,0,0,0,0,0,0,0,1,0,0,0,0,1,0,0,0,0,1,0,0,0,0,0,0,0,0,0,0,1,0,0,1,0,0,0,0,0,2,0,0,1,0,1,0,0,0,0,0,0,0,0,1,0,0,0,0,1,0,0,0,0,0,3,7,13,16,23,26,27,27,33,31,39,34,23,27,29,22,23,21,13,14,8,6,2,2
0,0,0,0,0,0,0,0,0,0,0,0,0,0,0,0,0,0,0,0,0,0,0,1,0,0,1,0,0,0,0,0,0,0,0,0,0,0,0,0,0,0,1,0,0,0,0,0,1,0,0,0,0,0,0,0,0,0,0,0,0,0,1,0,0,0,0,0,10,15,24,18,25,21,33,22,28,18,22,21,26,20,25,22,11,16,11,8,3,4,0
0,0,0,0,0,0,0,0,0,0,0,0,0,0,0,0,0,0,0,0,0,0,0,1,0,0,0,1,0,0,0,0,0,0,0,0,1,0,0,0,0,0,0,0,0,0,0,0,0,0,0,0,0,0,0,0,0,0,0,0,0,0,0,0,0,0,1,0,6,9,17,16,19,20,23,19,22,25,18,19,17,14,10,17,9,20,7,7,10,1,0
0,0,0,0,0,1,0,0,0,0,0,0,0,0,0,0,0,1,0,0,1,1,0,0,0,0,0,0,0,0,0,0,0,0,0,0,0,0,0,0,0,0,0,0,0,0,1,0,0,1,0,0,0,0,0,0,1,1,0,0,0,0,0,0,0,0,0,3,1,7,10,10,18,14,18,15,21,22,19,8,14,11,14,21,15,11,13,7,5,1,0
0,0,0,0,0,0,0,0,0,0,0,0,0,0,0,0,0,0,0,0,0,0,0,1,0,0,0,0,0,0,0,1,0,0,0,0,0,0,0,0,0,0,0,0,1,1,0,0,0,0,0,0,0,0,0,0,0,0,0,0,0,1,0,0,0,0,0,1,6,6,8,15,10,13,22,17,18,18,15,19,16,12,17,11,4,7,12,9,9,4,1
0,0,0,0,0,0,0,0,0,0,0,0,0,0,0,0,0,0,0,0,0,1,0,0,0,0,0,0,0,0,0,0,0,0,0,0,0,0,0,0,0,0,0,1,0,0,0,0,0,0,1,0,0,0,0,0,0,0,0,0,0,0,0,0,0,0,0,1,4,6,9,9,12,6,20,12,9,12,19,9,16,9,10,7,6,9,5,3,2,2,0
0,0,0,0,0,0,0,0,0,0,0,0,0,0,0,0,0,0,0,0,0,0,0,0,0,0,0,0,1,1,0,0,0,0,0,0,1,0,0,0,0,1,0,0,0,0,0,0,0,0,0,0,0,0,0,0,0,0,0,0,1,0,0,0,1,0,0,1,3,3,6,12,4,11,12,12,10,16,9,8,15,13,13,9,9,5,6,3,1,2,0
0,0,0,0,0,0,0,0,0,0,0,0,0,0,0,0,0,0,0,0,0,0,0,0,0,0,0,1,0,0,0,0,0,0,0,0,0,0,0,1,1,0,0,0,0,0,0,0,0,0,0,0,0,0,0,0,0,0,0,0,1,0,0,0,0,0,0,1,2,6,5,7,9,8,7,9,6,15,6,15,13,7,8,10,7,6,3,1,4,0,0
0,0,0,0,0,0,0,0,0,0,0,0,0,0,0,0,0,0,0,0,0,0,0,0,0,0,0,0,0,0,0,0,0,0,0,0,0,0,0,0,1,0,0,0,0,0,0,0,0,0,0,0,0,0,2,0,0,0,0,0,0,1,0,0,0,0,0,0,4,4,3,3,7,6,7,10,6,13,6,2,9,7,3,7,4,5,7,1,2,0,2
0,0,0,0,0,0,0,0,0,0,0,0,0,0,0,0,0,0,0,0,0,0,0,0,0,0,0,0,0,1,0,0,0,0,0,0,0,0,0,0,0,0,0,0,0,0,0,0,0,0,0,0,0,0,0,0,0,0,0,0,0,0,0,0,0,0,0,0,2,6,3,3,3,6,6,15,5,5,5,10,7,3,9,3,4,1,3,3,1,0,0
0,0,0,0,0,0,0,0,0,0,0,0,0,0,0,0,0,0,1,0,0,1,0,0,0,0,0,0,1,0,0,0,0,0,0,1,0,0,0,0,0,0,0,0,0,0,0,0,0,0,0,0,0,0,0,0,0,0,0,0,0,0,0,0,1,0,0,0,0,2,3,7,5,4,6,2,6,5,7,7,5,4,4,5,4,4,1,4,1,0,0
0,0,0,0,0,0,0,0,0,0,0,0,0,0,0,0,0,0,0,0,0,0,0,0,0,0,0,0,0,0,0,0,0,0,0,0,0,0,0,0,0,0,0,0,0,0,0,0,0,0,0,0,0,0,0,0,0,0,0,0,0,0,0,0,0,0,0,1,0,0,4,2,4,2,4,6,5,2,4,6,7,5,3,1,3,6,5,0,1,1,0
0,0,0,0,0,0,0,0,0,0,0,0,0,0,0,0,0,0,0,0,0,0,0,0,0,0,0,0,0,0,0,0,0,0,0,0,0,0,0,0,0,0,0,0,0,0,0,0,0,0,0,0,0,0,0,0,0,0,0,0,0,0,0,0,0,0,0,0,3,2,4,2,7,3,4,3,2,4,1,2,3,2,1,2,2,0,1,2,1,1,0
0,0,0,0,0,0,0,0,0,0,0,0,0,0,0,0,0,0,0,0,0,0,0,1,0,0,0,0,0,0,0,0,0,0,0,0,0,0,0,0,0,0,0,0,0,0,0,0,0,0,0,0,0,0,0,0,0,0,0,0,0,0,0,0,0,0,0,0,2,1,5,6,3,2,1,3,3,4,3,6,2,5,5,3,1,3,0,0,0,1,0
0,0,0,0,0,0,0,0,0,0,0,0,0,0,0,0,0,0,0,0,0,0,0,0,0,0,0,0,0,0,0,0,0,0,0,0,0,0,0,0,0,0,0,0,1,0,0,0,0,0,0,0,0,0,0,0,1,0,0,0,0,0,0,1,0,0,0,0,0,3,0,2,5,6,3,1,3,1,3,1,1,2,2,4,0,1,1,0,0,1,0
0,0,0,0,0,0,0,0,0,0,0,0,0,0,0,0,0,0,0,0,0,0,0,0,0,0,0,0,0,0,0,0,0,0,0,0,0,0,0,1,0,1,0,0,0,0,0,0,0,0,0,0,0,0,0,0,0,0,0,0,0,0,0,0,0,0,0,0,1,1,1,4,1,7,3,1,5,3,4,2,5,0,2,3,1,1,3,1,0,0,0
0,0,0,0,0,0,0,0,0,0,0,0,0,0,0,0,0,0,0,0,0,0,0,0,0,0,0,0,0,0,0,0,0,0,0,0,0,0,0,0,0,0,0,0,0,0,0,0,0,0,0,0,0,0,0,0,0,0,0,0,0,0,0,0,0,0,0,0,0,0,1,2,1,1,1,2,3,2,2,1,0,2,1,2,1,4,2,1,0,0,0
0,0,0,0,0,0,0,0,0,0,0,0,0,0,0,0,0,1,0,0,0,0,0,0,0,0,0,0,0,0,0,0,0,0,0,0,0,0,0,1,0,0,0,0,0,0,0,0,0,0,0,0,0,0,0,0,0,0,0,0,0,0,0,0,0,0,0,0,0,1,0,1,3,1,2,0,2,2,2,0,3,1,5,1,0,1,3,0,0,0,0
0,0,0,0,0,0,0,0,0,0,0,0,0,0,0,0,0,0,0,0,0,0,0,0,0,0,0,0,0,0,0,0,0,0,0,0,0,0,0,0,0,0,0,0,0,0,0,0,0,0,0,0,0,0,0,0,0,0,0,0,0,0,0,0,0,0,0,0,2,0,2,2,0,2,3,1,0,3,3,2,2,3,0,0,1,0,0,0,0,1,0
0,0,0,0,0,0,0,0,0,0,0,0,0,0,0,0,0,0,0,0,0,0,0,0,0,0,0,0,0,0,0,0,0,0,0,0,0,0,0,0,0,0,0,0,0,1,0,0,0,0,0,0,0,0,0,0,0,0,0,0,0,0,0,0,0,0,0,0,0,1,1,1,0,1,3,2,0,4,3,2,1,3,6,2,1,0,1,1,1,0,0
0,0,0,0,0,0,0,0,0,0,0,0,0,0,0,0,0,0,0,0,0,0,0,0,0,0,0,0,0,0,0,0,0,0,0,0,0,0,0,0,0,0,0,0,0,0,0,0,0,0,0,0,0,0,0,0,0,0,0,0,0,0,0,0,0,0,0,0,1,1,0,1,1,1,0,1,1,0,0,1,0,1,2,0,0,0,0,0,0,0,0
0,0,0,0,0,0,0,0,0,0,0,0,0,0,0,0,0,0,0,0,0,0,0,0,0,0,0,0,0,0,0,0,0,0,0,0,0,0,0,0,0,0,0,0,0,0,0,0,0,0,0,0,0,0,0,0,0,0,0,0,0,0,0,0,0,0,0,0,0,0,1,0,1,0,0,2,1,1,3,1,2,0,2,0,0,2,0,0,0,0,0
0,0,0,0,0,0,0,0,0,0,0,0,0,0,0,0,0,0,0,0,0,0,0,0,0,0,0,0,0,0,0,0,0,0,0,0,0,0,0,0,0,0,0,0,0,0,0,0,0,0,0,0,0,0,0,0,0,0,0,0,0,0,0,0,0,0,0,0,0,0,0,0,1,0,2,2,2,0,1,0,0,2,0,0,0,0,0,0,0,0,0
0,0,0,0,0,0,0,0,0,0,0,0,0,0,0,0,0,0,1,0,0,0,0,1,0,0,0,0,0,0,0,0,0,0,0,0,0,0,0,0,0,0,0,0,0,0,0,0,0,0,0,0,0,0,0,0,0,0,0,0,0,0,0,0,0,0,0,0,0,0,1,1,2,0,0,2,0,0,2,1,1,3,0,0,1,1,1,0,0,0,0
0,0,0,0,0,0,0,0,0,0,0,0,0,0,0,0,0,0,0,0,0,0,0,0,0,0,0,0,0,0,0,0,0,0,0,0,0,0,0,0,0,0,0,0,0,0,0,0,0,0,0,0,0,0,0,0,0,0,0,0,0,0,0,0,0,0,0,0,1,1,0,1,3,0,0,0,0,0,0,1,2,1,2,1,0,0,0,0,0,0,0
0,0,0,0,0,0,0,0,0,0,0,0,0,0,0,0,0,0,0,0,0,0,0,0,0,0,0,0,0,0,0,0,0,0,0,0,0,0,0,0,0,0,0,0,0,0,0,0,0,0,0,0,0,0,0,0,0,0,0,0,0,0,0,0,0,0,0,0,0,0,0,0,1,0,2,0,1,1,0,0,0,1,0,0,0,0,0,0,0,0,0
0,0,0,0,0,0,0,0,0,0,0,0,0,0,0,0,0,0,0,0,0,0,0,0,0,0,0,0,0,0,0,0,0,0,0,0,0,0,0,0,0,0,0,0,0,0,0,0,0,0,0,0,0,0,0,0,0,0,0,0,0,0,0,0,0,0,0,0,0,0,1,0,0,0,0,1,0,0,0,1,1,0,0,0,0,1,1,0,0,0,0
0,0,0,0,0,0,0,0,0,0,0,0,0,0,0,0,0,0,0,0,0,0,0,0,0,0,0,0,0,0,0,0,0,0,0,0,0,0,0,0,0,0,0,0,0,0,0,0,0,0,0,0,0,0,0,0,0,0,0,0,0,0,0,0,0,0,0,0,1,0,0,0,0,0,0,0,1,0,0,0,0,1,0,0,0,0,0,0,0,0,0
0,0,0,0,0,0,0,0,0,0,0,0,0,0,0,0,0,0,0,0,0,0,0,0,0,0,0,0,0,0,0,0,0,0,0,0,0,0,0,0,0,0,0,0,0,0,0,0,0,0,0,0,0,0,0,0,0,0,0,0,0,0,0,0,0,0,0,0,0,0,0,0,0,0,0,2,1,0,3,0,0,0,1,0,0,0,0,0,0,0,0
0,0,0,0,0,0,0,0,0,0,0,0,0,0,0,0,0,0,0,0,0,0,0,0,0,0,0,0,0,0,0,0,0,0,0,0,0,0,0,0,0,0,0,0,0,0,0,0,0,0,0,0,0,0,0,0,0,0,0,0,0,0,0,0,0,0,0,0,0,1,0,0,0,1,0,1,0,0,1,0,0,0,0,0,0,1,0,0,0,0,0
0,0,0,0,0,0,0,0,0,0,0,0,0,0,0,0,0,0,0,0,0,0,0,0,0,0,0,0,0,0,0,0,0,0,0,0,0,0,0,0,0,0,0,0,0,0,0,0,0,0,0,0,0,0,0,0,0,0,0,0,0,0,0,0,0,0,0,0,0,0,0,0,0,0,0,0,0,0,0,0,0,0,0,1,1,0,1,1,0,0,0
0,0,0,0,0,0,0,0,0,0,0,0,0,0,0,0,0,0,0,0,0,0,0,0,0,0,0,0,0,0,0,0,0,0,0,0,0,0,0,0,0,0,0,0,0,0,0,0,0,0,0,0,0,0,0,0,0,0,0,0,0,0,0,0,0,0,0,0,0,0,0,0,0,0,0,0,1,0,0,0,0,0,0,0,0,0,0,0,0,0,0
0,0,0,0,0,0,0,0,0,0,0,0,0,0,0,0,0,0,0,0,0,0,0,0,0,0,0,0,0,0,0,0,0,0,0,0,0,0,0,0,0,0,0,0,0,0,0,0,0,0,0,0,0,0,0,0,0,0,0,0,0,0,0,0,0,0,0,0,0,0,0,0,0,0,2,0,0,0,0,0,0,0,0,2,0,1,0,0,0,0,0
0,0,0,0,0,0,0,0,0,0,0,0,0,0,0,0,0,0,0,0,0,0,0,0,0,0,0,0,0,0,0,0,0,0,0,0,0,0,0,0,0,0,0,0,0,0,0,0,0,0,0,0,0,0,0,0,0,0,0,0,0,0,0,0,0,0,0,0,0,0,0,0,0,0,0,0,0,0,0,0,0,0,0,0,0,0,0,0,0,0,0
0,0,0,0,0,0,0,0,0,0,0,0,0,0,0,0,0,0,0,0,0,0,0,0,0,0,0,0,0,0,0,0,0,0,0,0,0,0,0,0,0,0,0,0,0,0,0,0,0,0,0,0,0,0,0,0,0,0,0,0,0,0,0,0,0,0,0,0,0,0,0,0,0,0,0,0,0,0,0,0,0,0,1,0,0,0,0,0,0,0,0
0,0,0,0,0,0,0,0,0,0,0,0,0,0,0,0,0,0,0,0,0,0,0,0,0,0,0,0,0,0,0,0,0,0,0,0,0,0,0,0,0,0,0,0,0,0,0,0,0,0,0,0,0,0,0,0,0,0,0,0,0,0,0,0,0,0,0,0,0,0,0,0,0,0,0,0,0,0,0,0,0,0,0,0,0,0,0,0,0,0,0
0,0,0,0,0,0,0,0,0,0,0,0,0,0,0,0,0,0,0,0,0,0,0,0,0,0,0,0,0,0,0,0,0,0,0,0,0,0,0,0,0,0,0,0,0,0,0,0,0,0,0,0,0,0,0,0,0,0,0,0,0,0,0,0,0,0,0,0,0,0,0,0,0,0,0,0,0,0,0,0,0,0,0,0,0,0,0,0,0,0,0
0,0,0,0,0,0,0,0,0,0,0,0,0,0,0,0,0,0,0,0,0,0,0,0,0,0,0,0,0,0,0,0,0,0,0,0,0,0,0,0,0,0,0,0,0,0,0,0,0,0,0,0,0,0,0,0,0,0,0,0,0,0,0,0,0,0,0,0,0,0,0,0,2,0,0,0,1,0,0,0,0,0,0,0,0,0,0,1,0,0,0
0,0,0,0,0,0,0,0,0,0,0,0,0,0,0,0,0,0,0,0,0,0,0,0,0,0,0,0,0,0,0,0,0,0,0,0,0,0,0,0,0,0,0,0,0,0,0,0,0,0,0,0,0,0,0,0,0,0,0,0,0,0,0,0,0,0,0,0,0,0,0,0,0,0,0,0,0,0,0,0,0,0,1,0,0,0,0,0,0,0,0
0,0,0,0,0,0,0,0,0,0,0,0,0,0,0,0,0,0,0,0,0,0,0,0,0,0,0,0,0,0,0,0,0,0,0,0,0,0,0,0,0,0,0,0,0,0,0,0,0,0,0,0,0,0,0,0,0,0,0,0,0,0,0,0,0,0,0,0,0,0,0,0,0,0,0,0,0,0,0,0,0,0,0,0,0,0,0,0,0,0,0
0,0,0,0,0,0,0,0,0,0,0,0,0,0,0,0,0,0,0,0,0,0,0,0,0,0,0,0,0,0,0,0,0,0,0,0,0,0,0,0,0,0,0,0,0,0,0,0,0,0,0,0,0,0,0,0,0,0,0,0,0,0,0,0,0,0,0,0,0,0,0,0,0,0,0,0,0,0,1,0,0,0,0,0,0,0,0,0,0,0,0
0,0,0,0,0,0,0,0,0,0,0,0,0,0,0,0,0,0,0,0,0,0,0,0,0,0,0,0,0,0,0,0,0,0,0,0,0,0,0,0,0,0,0,0,0,0,0,0,0,0,0,0,0,0,0,0,0,0,0,0,0,0,0,0,0,0,0,0,0,0,0,0,0,0,0,0,0,0,0,0,0,0,1,0,0,0,0,0,0,0,0
0,0,0,0,0,0,0,0,0,0,0,0,0,0,0,0,0,0,0,0,0,0,0,0,0,0,0,0,0,0,0,0,0,0,0,0,0,0,0,0,0,0,0,0,0,0,0,0,0,0,0,0,0,0,0,0,0,0,0,0,0,0,0,0,0,0,0,0,0,0,0,0,0,0,0,1,0,0,0,0,0,0,0,0,0,0,0,0,0,0,0
0,0,0,0,0,0,0,0,0,0,0,0,0,0,0,0,0,0,0,0,0,0,0,0,0,0,0,0,0,0,0,0,0,0,0,0,0,0,0,0,0,0,0,0,0,0,0,0,0,0,0,0,0,0,0,0,0,0,0,0,0,0,0,0,0,0,0,0,0,0,0,0,0,0,0,0,0,0,0,0,0,0,0,0,0,0,0,0,0,0,0
0,0,0,0,0,0,0,0,0,0,0,0,0,0,0,0,0,0,0,0,0,0,0,0,0,0,0,0,0,0,0,0,0,0,0,0,0,0,0,0,0,0,0,0,0,0,0,0,0,0,0,0,0,0,0,0,0,0,0,0,0,0,0,0,0,0,0,0,0,0,0,0,0,0,0,0,0,0,0,0,0,0,0,1,0,0,0,0,0,0,0
0,0,0,0,0,0,0,0,0,0,0,0,0,0,0,0,0,0,0,0,0,0,0,0,0,0,0,0,0,0,0,0,0,0,0,0,0,0,0,0,0,0,0,0,0,0,0,0,0,0,0,0,0,0,0,0,0,0,0,0,0,0,0,0,0,0,0,0,0,0,0,0,0,0,0,0,0,0,0,0,0,0,0,0,0,0,0,0,0,0,0
0,0,0,0,0,0,0,0,0,0,0,0,0,0,0,0,0,0,0,0,0,0,0,0,0,0,0,0,0,0,0,0,0,0,0,0,0,0,0,0,0,0,0,0,0,0,0,0,0,0,0,0,0,0,0,0,0,0,0,0,0,0,0,0,0,0,0,0,0,0,0,0,0,0,0,0,0,0,0,0,0,0,0,0,0,0,0,0,0,0,0
0,0,0,0,0,0,0,0,0,0,0,0,0,0,0,0,0,0,0,0,0,0,0,0,0,0,0,0,0,0,0,0,0,0,0,0,0,0,0,0,0,0,0,0,0,0,0,0,0,0,0,0,0,0,0,0,0,0,0,0,0,0,0,0,0,0,0,0,0,0,0,0,0,0,0,0,0,0,0,0,0,0,0,0,0,0,0,0,0,0,0
0,0,0,0,0,0,0,0,0,0,0,0,0,0,0,0,0,0,0,0,0,0,0,0,0,0,0,0,0,0,0,0,0,0,0,0,0,0,0,0,0,0,0,0,0,0,0,0,0,0,0,0,0,0,0,0,0,0,0,0,0,0,0,0,0,0,0,0,0,0,0,0,0,0,0,0,0,0,0,0,0,0,1,0,0,0,0,0,0,0,0
0,0,0,0,0,0,0,0,0,0,0,0,0,0,0,0,0,0,0,0,0,0,0,0,0,0,0,0,0,0,0,0,0,0,0,0,0,0,0,0,0,0,0,0,0,0,0,0,0,0,0,0,0,0,0,0,0,0,0,0,0,0,0,0,0,0,0,0,0,0,0,0,0,0,0,0,0,0,0,0,0,0,0,0,0,0,0,0,0,0,0
0,0,0,0,0,0,0,0,0,0,0,0,0,0,0,0,0,0,0,0,0,0,0,0,0,0,0,0,0,0,0,0,0,0,0,0,0,0,0,0,0,0,0,0,0,0,0,0,0,0,0,0,0,0,0,0,0,0,0,0,0,0,0,0,0,0,0,0,0,0,0,0,0,0,0,0,0,0,0,0,0,0,0,0,0,0,0,0,0,0,0
0,0,0,0,0,0,0,0,0,0,0,0,0,0,0,0,0,0,0,0,0,0,0,0,0,0,0,0,0,0,0,0,0,0,0,0,0,0,0,0,0,0,0,0,0,0,0,0,0,0,0,0,0,0,0,0,0,0,0,0,0,0,0,0,0,0,0,0,0,0,0,0,0,0,0,0,0,0,0,0,0,0,0,0,0,0,0,0,0,0,0
0,0,0,0,0,0,0,0,0,0,0,0,0,0,0,0,0,0,0,0,0,0,0,0,0,0,0,0,0,0,0,0,0,0,0,0,0,0,0,0,0,0,0,0,0,0,0,0,0,0,0,0,0,0,0,0,0,0,0,0,0,0,0,0,0,0,0,0,0,0,0,0,0,0,0,0,0,0,0,0,0,0,0,0,0,0,0,0,0,0,0
0,0,0,0,0,0,0,0,0,0,0,0,0,0,0,0,0,0,0,0,0,0,0,0,0,0,0,0,0,0,0,0,0,0,0,0,0,0,0,0,0,0,0,0,0,0,0,0,0,0,0,0,0,0,0,0,0,0,0,0,0,0,0,0,0,0,0,0,0,0,0,0,0,0,0,0,0,0,0,0,0,0,0,0,0,0,0,0,0,0,0
0,0,0,0,0,0,0,0,0,0,0,0,0,0,0,0,0,0,0,0,0,0,0,0,0,0,0,0,0,0,0,0,0,0,0,0,0,0,0,0,0,0,0,0,0,0,0,0,0,0,0,0,0,0,0,0,0,0,0,0,0,0,0,0,0,0,0,0,0,0,0,0,0,0,0,0,0,0,0,0,0,0,0,0,0,0,0,0,0,0,0
0,0,0,0,0,0,0,0,0,0,0,0,0,0,0,0,0,0,0,0,0,0,0,0,0,0,0,0,0,0,0,0,0,0,0,0,0,0,0,0,0,0,0,0,0,0,0,0,0,0,0,0,0,0,0,0,0,0,0,0,0,0,0,0,0,0,0,0,0,0,0,0,0,0,0,0,0,0,0,0,0,0,0,0,0,0,0,0,0,0,0
0,0,0,0,0,0,0,0,0,0,0,0,0,0,0,0,0,0,0,0,0,0,0,0,0,0,0,0,0,0,0,0,0,0,0,0,0,0,0,0,0,0,0,0,0,0,0,0,0,0,0,0,0,0,0,0,0,0,0,0,0,0,0,0,0,0,0,0,0,0,0,0,0,0,0,0,0,0,0,0,0,0,0,0,0,0,0,0,0,0,0
0,0,0,0,0,0,0,0,0,0,0,0,0,0,0,0,0,0,0,0,0,0,0,0,0,0,0,0,0,0,0,0,0,0,0,0,0,0,0,0,0,0,0,0,0,0,0,0,0,0,0,0,0,0,0,0,0,0,0,0,0,0,0,0,0,0,0,0,1,0,0,0,0,0,0,0,0,0,0,0,0,0,0,0,0,0,0,0,0,0,0
