0,0,0,0,0,0,0,0,0,0,0,0,1,0,0,0,0,0,0,0,0,1,1,0,1,1,1,0,1,0,0,0,0,0,0,1,0,0,0,0,0,0,0,0,0,0,0,0,0,1,0,0,0,0,0,0,0,0,0,0,0,0,0,0,0,0,0,0,0,0,1,0,1,1,5,1,2,4,1,1,2,2,3,5,1,1,0,0,1,0,0
0,0,0,0,0,0,0,0,0,0,0,1,0,1,0,0,0,1,0,0,0,0,0,0,0,0,0,0,4,0,0,0,0,1,3,0,2,2,1,0,1,1,0,1,1,4,1,0,0,1,1,1,0,0,0,1,2,0,0,1,0,1,1,1,1,0,1,1,1,1,2,1,7,3,14,15,16,16,18,25,20,19,18,16,11,10,13,7,2,2,0
0,0,1,0,0,1,0,0,1,0,0,1,3,2,0,0,0,1,0,4,3,0,1,0,1,3,0,1,0,1,2,1,2,0,5,3,2,3,4,2,1,2,4,2,1,1,1,2,4,1,3,0,1,1,6,2,0,1,2,1,1,3,0,1,1,1,0,0,0,1,1,1,2,11,20,31,36,42,47,58,55,63,58,43,37,27,20,12,11,4,0
0,1,0,0,0,0,2,1,0,0,1,0,2,1,0,5,0,1,0,1,1,2,1,2,1,2,2,4,2,3,4,4,3,0,2,2,0,4,3,5,3,2,0,5,3,4,3,0,3,2,1,3,2,3,1,4,4,1,4,1,4,3,3,3,1,5,1,2,1,1,5,2,3,10,40,56,94,106,136,162,163,201,170,165,169,141,116,98,64,30,5
0,0,0,0,0,0,0,1,0,1,1,2,0,0,2,0,5,2,0,1,0,0,4,2,0,1,2,5,1,2,2,5,2,0,5,0,5,4,4,3,2,5,3,3,4,1,2,6,3,4,1,2,8,4,0,2,4,1,4,3,4,3,4,3,1,2,2,1,3,2,4,2,7,33,104,210,376,471,528,589,595,600,551,544,504,375,329,260,178,78,15
0,0,0,0,1,0,2,0,1,1,2,1,3,2,2,3,1,1,3,1,4,2,2,1,1,0,3,3,5,4,2,1,2,3,4,2,6,4,6,5,2,0,5,2,2,1,4,4,3,2,1,0,8,1,1,4,0,4,2,2,2,2,5,1,2,0,4,1,5,2,3,2,11,77,274,525,765,864,898,924,914,834,831,695,646,539,506,345,265,103,16
0,0,0,1,0,0,1,0,0,1,1,0,1,1,2,4,0,2,3,3,4,2,1,0,2,6,2,1,2,3,3,2,3,5,5,3,4,6,3,3,0,4,5,3,4,3,5,2,5,2,3,3,3,3,5,4,2,3,2,3,5,1,2,2,1,0,2,1,0,1,1,3,4,141,429,797,1019,1162,1138,1156,1143,1198,1126,1054,934,845,712,514,372,202,23
0,1,1,1,1,1,0,2,0,0,2,0,1,0,2,0,3,1,0,4,0,1,5,2,1,4,1,3,2,4,5,1,2,5,6,3,1,4,5,1,1,2,2,5,2,1,3,7,4,6,2,3,2,4,3,2,4,3,7,4,2,1,4,5,5,2,4,1,1,2,0,2,18,165,617,964,1185,1189,1261,1320,1245,1252,1298,1199,1078,1001,766,651,448,213,29
0,0,1,0,0,1,0,2,0,2,2,1,1,1,3,4,1,3,3,2,1,4,3,7,2,1,3,4,5,3,3,3,2,4,1,4,4,6,4,6,3,1,2,4,5,8,4,6,2,0,2,3,2,1,2,2,3,1,2,5,3,6,11,4,4,1,0,4,2,1,1,2,16,186,670,1004,1139,1273,1302,1271,1364,1233,1291,1161,1082,1008,855,643,486,217,27
0,0,1,0,0,0,1,2,1,0,0,1,0,2,1,5,2,4,1,2,0,3,3,1,5,4,2,3,2,1,4,6,1,4,1,4,4,1,5,5,5,3,1,0,4,4,3,3,5,2,1,2,1,1,2,1,3,2,3,3,5,1,2,3,2,4,7,3,1,0,2,5,22,221,652,957,1110,1165,1200,1151,1232,1195,1161,1069,1012,956,752,587,457,207,25
0,0,1,1,1,0,0,1,0,0,1,2,2,0,1,0,3,3,1,3,1,4,5,4,3,2,2,1,4,1,2,3,6,3,2,1,1,3,2,2,1,3,4,5,4,3,6,6,1,5,1,5,1,2,4,1,0,1,0,2,1,4,4,5,4,4,1,1,3,4,4,1,17,228,584,875,984,1114,1099,1069,1078,1068,1029,1041,1029,870,748,563,357,202,26
0,0,0,2,0,1,1,1,1,1,1,0,2,2,0,0,2,1,0,3,0,3,2,1,1,1,2,3,3,5,4,2,3,5,2,3,4,5,1,2,5,1,3,1,3,6,1,2,1,4,2,1,5,2,1,3,1,2,3,3,2,3,3,2,1,1,5,1,0,4,1,3,22,201,543,854,983,1009,991,968,981,963,940,928,813,737,651,483,345,167,17
0,0,1,0,0,0,2,2,0,0,1,0,1,1,2,1,2,2,0,1,3,0,3,2,1,0,1,1,1,1,1,1,4,2,1,4,4,6,3,4,3,3,2,6,3,3,5,0,2,0,5,4,2,2,3,4,4,1,2,1,2,3,0,5,2,1,2,3,2,4,2,2,24,183,513,756,764,875,890,914,853,793,825,807,734,659,537,411,260,124,21
0,0,0,0,0,0,0,1,0,3,2,3,1,2,1,2,0,1,0,7,2,0,0,2,0,1,1,2,1,2,3,2,1,3,5,0,3,1,2,4,2,4,2,2,1,3,0,4,4,1,3,3,1,2,3,4,1,2,7,2,2,1,3,1,2,2,1,2,3,2,0,2,20,173,447,635,713,736,761,767,785,757,734,684,610,556,488,361,258,119,11
0,0,0,1,0,1,0,0,1,0,1,1,2,2,2,0,1,2,1,0,3,1,1,2,1,1,0,3,2,0,0,1,1,3,2,1,1,5,2,3,2,2,4,0,3,3,4,0,1,3,0,4,2,4,4,3,1,1,3,2,2,0,1,2,1,2,3,1,5,2,2,3,18,158,413,558,626,734,699,700,698,665,629,614,550,511,388,302,208,109,16
0,0,0,0,0,0,1,0,1,0,3,2,1,2,2,3,2,3,0,0,1,2,1,2,1,0,0,1,2,3,1,1,2,4,3,1,1,2,0,2,2,2,3,2,4,0,5,4,0,1,0,1,2,0,1,3,1,4,2,2,1,1,1,1,2,3,1,2,2,1,4,3,17,138,338,489,515,602,611,596,613,592,531,557,459,412,357,259,213,96,8
0,0,0,0,0,0,0,0,1,3,0,1,1,0,0,1,1,0,3,1,0,1,0,1,1,3,0,3,1,1,2,2,2,2,1,2,2,2,4,1,0,4,3,0,1,2,3,1,1,1,5,2,3,1,2,1,1,1,2,1,3,1,0,2,0,3,0,1,1,2,2,1,12,150,321,425,526,505,525,549,517,532,477,448,452,345,310,246,185,85,12
0,0,0,0,1,0,0,0,1,0,0,0,0,3,1,0,3,1,0,3,0,2,2,0,2,0,2,3,1,0,0,0,1,0,1,1,0,2,1,3,4,1,1,4,2,4,1,2,3,2,3,1,2,1,0,1,3,2,3,0,7,1,1,1,1,2,0,1,2,0,0,0,11,128,263,378,415,448,456,485,418,441,413,374,339,310,254,219,136,62,10
0,0,0,0,0,0,0,0,0,0,1,0,2,2,0,0,2,1,2,1,0,4,0,1,1,1,3,0,0,0,4,3,2,1,0,1,0,3,0,1,1,0,0,0,2,1,1,1,0,0,2,2,0,0,0,1,1,3,0,2,1,1,0,2,0,2,1,1,0,2,1,1,10,124,211,286,359,364,383,406,417,366,359,314,300,246,224,192,117,65,11
0,0,0,0,0,0,0,0,0,1,1,0,0,0,2,0,1,2,3,3,0,1,0,0,2,0,2,2,0,0,1,3,3,1,3,1,2,1,1,0,0,1,1,0,0,2,1,3,1,1,2,2,2,3,1,1,1,0,3,1,3,1,1,0,3,1,2,0,0,1,2,0,16,67,179,268,321,316,351,347,355,290,299,282,264,228,170,160,100,52,5
0,0,0,0,0,0,0,0,1,1,1,0,1,1,0,2,0,0,0,2,0,2,0,0,1,0,0,1,0,0,0,1,4,0,1,0,0,2,1,1,0,3,1,1,1,0,0,1,1,1,4,0,3,0,0,3,2,1,3,0,2,4,0,1,1,1,0,1,2,0,2,1,13,70,161,218,282,276,311,308,292,293,283,242,217,190,162,129,102,49,10
0,0,0,0,0,0,0,0,0,0,0,0,0,1,2,1,0,1,0,0,0,0,1,0,2,3,2,1,1,0,0,1,1,2,0,1,1,1,3,0,0,2,1,1,0,0,0,2,1,1,1,1,1,1,1,2,1,3,2,0,0,1,1,0,0,2,2,0,0,1,1,1,10,70,131,214,222,249,226,258,264,269,231,238,183,188,144,110,80,37,2
0,0,0,0,0,0,0,1,0,0,1,0,0,1,1,0,1,0,0,0,0,1,0,1,1,2,2,0,1,0,0,2,2,1,0,2,0,0,1,2,2,0,0,0,1,0,1,1,1,0,2,1,1,0,2,0,2,0,3,0,0,2,0,0,1,0,0,0,0,0,1,0,7,73,143,161,232,186,213,218,193,213,189,190,135,159,113,95,64,32,3
0,0,0,0,0,0,0,0,0,0,0,0,1,0,0,1,0,0,1,0,1,1,1,0,0,1,0,0,0,2,0,0,0,1,0,1,1,0,0,0,3,1,2,0,1,2,1,0,1,0,0,0,3,3,0,3,3,0,0,1,0,2,0,0,0,0,0,1,1,0,0,3,7,60,118,164,142,158,186,189,208,180,162,164,144,121,116,85,53,37,4
0,0,0,0,0,0,0,0,0,0,0,0,0,0,0,0,2,1,0,0,0,2,1,0,0,0,2,1,0,0,0,0,1,0,0,1,0,0,0,1,1,1,3,0,4,1,0,0,0,0,1,0,1,0,0,0,2,2,0,0,1,0,0,0,1,1,1,0,2,0,0,0,4,41,96,124,137,156,169,150,168,156,155,120,122,110,95,95,41,24,1
0,0,0,0,1,0,1,0,0,0,0,0,0,0,0,0,0,2,1,0,0,0,1,0,1,0,1,0,1,0,0,0,0,0,0,0,0,2,0,1,0,0,1,0,0,0,1,0,0,0,0,0,0,1,1,1,0,1,1,2,0,0,1,0,1,1,0,1,0,0,2,1,4,36,76,98,124,121,134,143,158,132,132,112,81,100,75,56,38,16,6
0,0,0,1,0,0,0,0,0,0,0,0,1,0,0,0,2,1,0,0,0,1,0,2,1,0,0,0,0,0,1,0,1,0,1,0,2,0,0,0,0,1,0,2,0,0,0,1,1,0,0,0,1,1,0,1,0,1,1,0,1,0,0,0,1,0,1,1,0,0,0,1,1,31,70,76,121,123,115,137,110,122,119,101,73,85,54,53,30,16,1
0,0,0,0,0,0,0,0,1,0,0,0,0,0,1,0,0,0,0,0,0,0,0,0,0,0,1,0,0,0,1,0,1,0,0,1,1,0,1,0,0,0,3,0,1,0,1,2,0,0,0,0,0,1,0,1,0,0,0,0,1,0,0,0,0,1,2,0,0,0,0,0,5,26,62,74,99,115,115,90,120,96,104,81,67,71,58,41,13,17,1
0,0,0,0,0,0,0,0,0,1,0,1,0,0,0,1,0,1,0,0,0,1,0,0,0,0,0,0,0,0,1,0,0,1,0,0,0,0,1,0,0,3,1,0,0,1,0,0,0,0,1,0,2,0,0,0,0,1,1,0,0,0,0,0,1,1,1,0,0,0,0,0,5,27,59,70,90,84,89,85,83,83,80,72,81,69,47,38,23,14,1
0,0,0,0,0,1,1,0,0,0,0,0,0,0,0,0,0,1,0,0,0,0,1,0,0,0,0,0,1,1,0,1,0,1,0,0,0,0,0,1,1,0,0,1,0,0,0,0,1,0,0,1,0,0,0,0,0,0,0,2,0,0,1,1,0,0,0,0,0,0,1,0,1,25,38,63,45,67,76,84,69,59,69,54,63,64,36,37,22,13,3
0,0,0,0,0,0,0,0,1,0,0,0,0,0,0,0,0,0,0,0,0,0,1,0,0,0,0,0,1,0,0,1,0,0,0,1,0,1,0,1,1,0,1,0,1,0,1,0,0,1,0,1,0,1,0,0,0,1,0,0,0,1,0,0,0,0,0,0,0,0,0,0,1,20,42,41,53,69,65,80,63,49,54,48,45,45,36,22,11,24,4
0,0,0,0,0,0,0,0,0,0,0,0,0,0,0,1,0,0,0,0,0,0,0,0,1,0,0,0,1,0,0,0,0,0,0,0,0,0,0,0,0,1,0,0,0,1,0,2,0,0,0,1,0,1,0,1,1,1,2,0,0,0,0,0,1,0,0,1,0,0,0,0,1,16,27,39,54,38,55,58,56,52,52,48,44,28,21,24,16,4,0
0,0,0,0,0,0,0,0,0,1,0,0,0,0,0,0,0,0,0,0,0,1,0,0,0,0,0,1,0,0,0,0,0,0,2,0,0,0,0,1,0,0,0,1,0,0,0,0,0,0,0,0,0,0,0,0,0,0,0,1,0,0,0,0,1,1,0,1,0,0,0,2,3,10,31,35,34,42,60,37,49,42,40,41,33,30,19,14,14,7,1
0,0,0,0,0,1,0,0,0,0,0,0,0,0,0,0,1,1,0,0,1,0,0,2,0,0,0,0,0,0,0,0,1,0,0,0,0,0,0,0,0,0,0,0,0,0,0,0,0,0,0,0,0,1,0,0,0,0,0,0,0,0,0,0,0,0,0,0,0,0,1,0,0,12,29,26,34,35,39,44,35,45,36,35,28,35,18,18,11,4,0
0,0,0,0,0,0,0,0,0,0,0,0,0,0,0,0,1,0,0,0,0,0,0,0,0,0,0,0,0,0,0,1,0,0,0,0,0,0,0,0,0,0,0,0,1,0,0,0,0,0,0,0,0,0,0,0,0,0,0,0,0,0,0,0,1,0,0,0,0,0,0,0,2,8,19,35,25,26,30,30,48,24,34,28,23,23,20,11,6,3,2
0,0,0,0,0,0,0,0,0,0,0,0,0,0,0,0,0,1,0,0,0,0,1,0,0,0,0,0,0,0,0,1,0,0,0,0,0,0,0,0,0,0,0,0,0,1,1,0,0,0,0,0,1,0,0,0,0,0,0,0,0,0,0,0,0,0,0,0,1,0,1,0,2,2,15,22,31,27,27,32,23,30,32,30,19,14,16,9,9,3,1
0,0,0,0,0,0,0,0,0,0,0,0,0,0,0,0,0,0,0,0,0,0,0,0,0,0,0,0,0,0,1,0,0,0,0,0,0,0,0,1,0,0,0,0,0,0,0,0,0,0,0,0,1,1,0,1,0,0,0,0,0,1,0,0,0,0,0,0,0,1,0,0,1,6,15,16,19,29,24,17,27,23,20,28,19,17,14,8,9,4,0
0,0,0,0,0,0,0,0,0,0,0,0,0,0,0,0,0,0,0,0,0,0,1,0,0,0,0,0,0,1,0,0,0,0,0,0,0,1,0,1,0,0,0,0,0,0,1,1,0,0,0,0,0,0,0,0,0,0,0,1,1,0,0,0,0,0,0,0,0,0,0,0,0,5,16,14,19,16,14,18,19,18,13,16,10,10,4,6,6,4,0
0,0,0,0,0,0,0,0,0,0,0,0,0,1,0,0,0,0,0,0,0,0,0,0,0,0,0,0,0,0,0,0,0,0,0,0,1,0,0,0,0,0,0,0,0,0,0,0,0,1,0,0,0,0,0,0,0,0,0,0,0,0,0,0,0,0,0,0,0,1,0,0,1,3,10,6,17,15,23,14,14,14,11,14,16,9,12,3,4,1,1
0,0,0,0,0,0,0,0,0,0,0,0,0,0,0,0,0,1,0,0,0,0,0,0,0,0,0,0,0,0,0,0,0,0,0,0,0,0,0,0,0,0,1,0,0,0,0,0,0,0,0,0,1,0,0,0,0,0,0,1,0,0,0,0,0,0,0,0,0,0,1,1,1,6,10,7,19,11,9,10,11,15,13,13,10,13,3,5,4,2,0
0,0,0,0,0,0,0,0,0,0,0,0,0,0,0,0,0,0,0,0,0,0,0,0,0,0,0,0,0,0,0,0,0,0,0,0,1,0,0,0,0,0,0,0,0,0,0,0,0,0,0,0,0,0,0,0,0,0,0,0,0,0,0,0,0,0,0,0,0,0,0,0,0,2,7,11,10,11,17,15,9,15,11,10,9,10,5,2,2,2,1
0,0,0,0,0,0,0,0,0,0,0,0,0,0,0,0,0,1,0,0,0,0,0,0,0,0,0,0,0,0,0,0,0,0,0,0,0,0,0,0,0,0,0,0,0,0,0,0,0,0,1,0,0,0,0,0,0,0,0,0,0,0,0,0,0,1,0,0,0,0,0,1,0,5,3,9,3,3,12,5,11,10,14,6,4,6,6,4,3,3,0
0,0,0,0,0,0,0,0,0,0,0,0,0,0,0,0,0,0,0,0,0,0,0,0,0,0,1,0,0,0,0,0,0,0,0,0,0,0,0,0,0,0,0,0,0,0,0,0,0,0,0,0,0,0,0,0,0,0,0,0,0,0,0,0,1,0,1,0,0,0,0,0,1,1,6,14,10,6,8,16,16,13,11,10,8,2,4,3,3,2,0
0,0,0,0,0,0,0,0,0,0,0,0,0,0,0,0,0,0,0,0,0,0,0,0,0,0,0,0,0,0,0,0,0,0,0,0,0,0,0,0,0,0,0,0,0,0,0,0,0,0,0,0,0,0,0,0,0,0,0,0,0,0,0,0,0,1,0,0,0,0,0,0,0,5,6,9,4,6,7,7,5,8,4,10,6,6,3,5,0,5,0
0,0,0,0,0,0,0,0,0,0,0,0,0,0,0,0,0,0,0,0,0,1,0,0,0,0,1,0,0,0,0,0,0,0,0,0,1,0,0,1,0,0,0,0,0,0,0,0,0,0,0,0,0,0,0,0,0,0,0,0,0,0,0,0,0,0,0,0,0,0,0,0,0,0,3,3,5,7,6,8,4,5,4,6,1,2,4,3,2,0,0
0,0,0,0,0,0,0,0,0,0,0,0,0,0,0,0,0,0,0,0,0,0,0,0,0,0,0,0,0,0,0,0,0,0,0,0,0,1,0,0,0,0,0,0,0,0,0,0,0,0,0,0,0,1,0,0,0,0,0,0,0,0,0,0,0,0,0,0,0,0,0,0,0,1,2,0,3,4,6,4,6,5,7,3,3,6,3,2,0,1,0
0,0,0,0,0,0,0,0,0,0,0,0,0,0,0,0,0,0,0,0,0,0,0,0,0,0,0,0,0,0,0,0,0,0,0,0,0,0,0,0,0,0,0,0,0,0,0,0,0,0,0,0,0,0,0,0,0,0,0,0,0,0,0,0,0,0,0,0,0,0,0,0,0,0,2,1,3,2,1,7,7,8,3,4,8,3,2,1,1,0,0
0,0,0,0,0,0,0,0,0,0,0,0,0,0,0,0,0,0,0,0,0,0,0,0,0,0,0,0,0,0,0,0,0,0,0,0,0,0,0,0,0,0,0,0,0,0,0,0,0,0,0,0,0,0,0,1,0,0,0,0,0,0,0,0,0,0,0,0,0,0,0,0,0,1,2,3,4,5,2,6,5,3,5,3,3,3,2,2,1,0,0
0,0,0,0,0,0,0,0,0,0,0,0,0,0,0,0,0,1,0,0,0,0,0,0,0,0,0,0,0,0,0,0,0,0,0,0,0,0,0,0,0,0,0,0,0,0,0,0,0,0,0,0,1,0,0,0,0,0,0,0,0,0,0,0,0,0,0,0,0,0,0,0,0,2,3,1,4,6,3,4,6,1,1,0,3,2,3,2,3,0,0
0,0,0,0,0,0,0,0,0,0,0,0,0,0,0,0,0,0,0,0,0,0,0,0,0,0,0,0,0,0,0,0,0,0,0,0,0,0,0,0,0,0,0,0,0,0,0,0,0,0,0,0,0,0,0,0,0,0,0,0,1,0,0,0,0,0,0,0,0,0,0,0,0,2,1,1,6,2,3,0,1,4,2,3,2,0,2,0,2,1,0
0,0,0,0,0,0,0,0,0,0,0,0,0,0,0,0,0,0,0,0,1,0,0,0,0,0,0,0,0,0,0,0,0,0,0,0,0,0,0,0,0,0,0,0,0,0,0,0,0,0,0,0,0,0,0,0,0,0,0,0,0,0,0,0,0,0,0,0,0,0,0,0,0,1,1,0,2,1,3,1,5,6,0,1,1,1,0,2,0,0,0
0,0,0,0,0,0,0,0,0,0,0,0,0,0,0,0,0,0,0,0,0,0,0,0,0,0,0,0,0,0,0,0,0,0,0,0,0,0,0,0,0,0,0,0,0,0,0,0,0,0,0,0,0,0,0,0,0,0,0,0,0,0,0,0,0,0,0,0,0,0,0,0,0,2,0,2,1,3,1,1,1,4,0,5,1,4,1,1,2,0,0
0,0,0,0,0,0,0,0,0,0,0,0,0,0,0,0,0,0,0,0,0,0,0,0,0,0,0,0,0,0,0,0,0,0,0,0,0,0,0,0,0,0,0,0,0,0,0,0,0,0,0,0,0,0,0,0,0,0,0,0,0,0,0,0,0,0,0,0,0,0,0,0,0,1,0,2,2,1,1,2,2,0,1,2,2,2,0,2,0,1,0
0,0,0,0,0,0,0,0,0,0,0,0,0,0,0,0,0,0,0,0,0,0,0,0,0,0,0,0,0,0,0,0,0,0,0,0,0,0,0,0,0,0,0,0,0,0,0,0,0,0,0,0,0,0,0,0,0,0,0,0,0,0,0,0,0,0,0,0,0,0,0,0,0,0,2,2,2,0,1,1,2,2,0,0,2,3,0,1,0,0,0
0,0,0,0,0,0,0,0,0,0,0,0,0,0,0,0,0,0,0,0,0,0,0,0,0,0,0,0,0,0,0,0,0,0,0,0,0,0,0,0,0,0,0,0,0,0,0,0,0,0,0,0,0,0,1,0,0,0,0,0,0,0,0,0,0,0,0,0,0,0,0,0,0,0,2,2,1,1,1,0,1,1,2,0,0,1,0,0,1,0,0
0,0,0,0,0,0,0,0,0,0,0,0,0,0,0,0,0,0,0,0,0,0,0,0,0,0,0,0,0,0,0,0,0,0,0,0,0,0,0,0,0,0,0,0,0,0,0,0,0,0,0,0,0,0,0,0,0,0,0,0,0,0,0,0,0,0,0,0,0,0,0,0,0,0,0,0,3,1,0,0,0,0,3,0,0,3,0,0,1,0,0
0,0,0,0,0,0,0,0,0,0,0,0,0,0,0,0,0,0,0,0,0,0,0,0,0,0,0,0,0,0,0,0,0,0,0,0,0,0,0,0,0,1,0,0,0,0,0,0,0,0,0,0,0,0,0,0,0,0,0,0,1,0,0,0,0,0,0,0,0,0,0,0,0,0,1,0,1,1,2,0,0,0,3,1,0,0,0,0,1,0,0
0,0,0,0,0,0,0,0,0,0,0,0,0,0,0,0,0,0,0,0,0,0,0,0,0,0,0,0,0,0,0,0,0,0,0,0,0,0,0,0,0,0,0,0,0,0,0,0,0,0,0,0,0,0,0,0,0,0,0,0,0,0,0,0,0,0,0,0,0,0,0,0,0,0,0,2,1,0,0,0,0,0,0,0,1,2,0,0,0,0,0
0,0,0,0,0,0,0,0,0,0,0,0,0,0,0,0,0,0,0,0,0,0,0,0,0,0,0,0,0,0,0,0,0,0,0,0,0,0,0,0,0,0,1,0,0,0,0,0,1,0,0,0,0,0,0,0,0,0,0,0,0,0,0,0,0,0,0,0,0,0,0,0,0,0,0,1,0,0,0,0,0,1,0,1,1,0,1,0,0,0,0
0,0,0,0,0,0,0,0,0,0,0,0,0,0,0,0,0,0,0,0,0,0,0,0,0,0,0,0,0,0,0,0,0,0,0,0,0,0,0,0,0,0,0,0,0,0,0,0,0,0,0,0,0,0,0,0,0,0,0,0,0,0,0,0,0,0,0,0,0,0,0,0,0,0,0,2,0,0,0,1,0,0,0,0,1,1,1,0,0,0,0
0,0,0,0,0,0,0,0,0,0,0,0,0,0,0,0,0,0,0,0,0,0,0,0,0,0,0,0,0,0,0,0,0,0,0,0,0,0,0,0,0,0,0,0,0,0,0,0,0,0,0,0,0,0,0,0,0,0,0,0,0,1,0,0,0,0,0,0,0,0,0,0,0,0,0,0,0,0,0,1,0,1,1,0,0,0,1,0,1,0,0
0,0,0,0,0,0,0,0,0,0,0,0,0,0,0,0,0,0,0,0,0,0,0,0,0,0,0,0,0,0,0,0,0,0,0,0,0,0,0,0,0,0,0,0,0,0,0,0,0,0,0,0,0,0,0,0,0,0,0,0,0,0,0,0,0,0,0,0,0,0,0,0,0,0,0,0,1,0,0,0,0,0,0,0,1,0,0,0,0,1,0
0,0,0,0,0,0,0,0,0,0,0,0,0,0,0,0,0,0,0,0,0,0,0,0,0,0,0,0,0,0,0,0,0,0,0,0,0,0,0,0,0,0,0,0,0,0,0,0,0,0,0,0,0,0,0,0,0,0,0,0,0,0,0,0,0,0,0,0,0,0,0,0,0,0,0,0,0,0,0,0,0,0,0,0,0,1,1,1,0,0,0
0,0,0,0,0,0,0,0,0,0,0,0,0,0,0,0,0,0,0,0,0,0,0,0,1,0,0,0,0,0,0,0,0,0,0,0,0,0,0,0,0,0,0,0,0,0,0,0,0,0,0,0,0,0,0,0,0,0,0,0,0,0,0,0,0,0,0,0,0,0,0,0,0,1,0,0,0,0,0,0,0,0,0,0,1,0,1,0,0,0,0
0,0,0,0,0,0,0,0,0,0,0,0,0,0,0,0,0,0,0,0,0,0,0,0,0,0,0,0,0,0,0,0,0,0,0,0,0,0,0,0,0,0,0,0,0,0,0,0,0,0,0,0,0,0,0,0,0,0,0,0,0,0,0,0,0,0,0,0,0,0,0,0,0,1,0,0,0,0,0,0,0,0,0,0,0,0,0,0,0,0,0
0,0,0,0,0,0,0,0,0,0,0,0,0,0,0,0,0,0,0,0,0,0,0,0,0,0,0,0,0,0,0,0,0,0,0,0,0,0,0,0,0,0,0,0,0,0,0,0,0,0,0,0,0,0,0,0,0,0,0,0,0,0,0,0,0,0,0,0,0,0,0,0,0,0,0,0,0,0,0,0,0,1,0,0,0,0,0,0,0,0,0
0,0,0,0,0,0,0,0,0,0,0,0,0,0,0,0,0,0,0,0,0,0,0,0,0,0,0,0,0,0,0,0,0,0,0,0,0,0,0,0,0,0,0,0,0,0,0,0,0,0,0,0,0,0,0,0,0,0,0,0,0,0,0,0,0,0,0,0,0,0,0,0,0,0,0,0,1,0,0,1,0,0,0,0,0,0,1,0,0,0,0
0,0,0,0,0,0,0,0,0,0,0,0,0,0,0,0,0,0,0,0,0,0,0,0,0,0,0,0,0,0,0,0,0,0,0,0,0,0,0,0,0,0,0,0,0,0,0,0,0,0,0,0,0,0,0,0,0,0,0,0,0,0,0,0,0,0,0,0,0,0,0,0,0,0,0,0,0,0,0,0,0,0,0,0,0,0,0,0,0,0,0
0,0,0,0,0,0,0,0,0,0,0,0,0,0,0,0,0,0,0,0,0,0,0,0,0,0,0,0,0,0,0,0,0,0,0,0,0,0,0,0,0,0,0,0,0,0,0,0,0,0,0,0,0,0,0,0,0,0,0,0,0,0,0,0,0,0,0,0,0,0,0,0,0,0,0,0,0,1,0,0,0,0,0,0,0,0,0,0,0,0,0
0,0,0,0,0,0,0,0,0,0,0,0,0,0,0,0,0,0,0,0,0,0,0,0,0,0,0,0,0,0,0,0,0,0,0,0,0,0,0,0,0,0,0,0,0,0,0,0,0,0,0,0,0,0,0,0,0,0,0,0,0,0,0,0,0,0,0,0,0,0,0,0,0,0,0,0,0,0,0,0,0,0,0,0,1,0,0,0,0,0,0
0,0,0,0,0,0,0,0,0,0,0,0,0,0,0,0,0,0,0,0,0,0,0,0,0,0,0,0,0,0,0,0,0,0,0,0,0,0,0,0,0,0,0,0,0,0,0,0,0,0,0,0,0,0,0,0,0,0,0,0,0,0,0,0,0,0,0,0,0,0,0,0,0,0,0,0,0,0,0,0,1,0,0,0,0,0,0,0,0,0,0
0,0,0,0,0,0,0,0,0,0,0,0,0,0,0,0,0,0,0,0,0,0,0,0,0,0,0,0,0,0,0,0,0,0,0,0,0,0,0,0,0,0,0,0,0,0,0,0,0,0,0,0,0,0,0,0,0,0,0,0,0,0,0,0,0,0,0,0,0,0,0,0,0,0,0,0,0,0,0,0,0,0,1,0,0,0,1,0,0,0,0
0,0,0,0,0,0,0,0,0,0,0,0,0,0,0,0,0,0,0,0,0,0,0,0,0,0,0,0,0,0,0,0,0,0,0,0,0,0,0,0,0,0,0,0,0,0,0,0,0,0,0,0,0,0,0,0,0,0,0,0,0,0,0,0,0,0,0,0,0,0,0,0,0,0,0,0,0,1,0,0,0,0,0,0,0,0,0,0,0,0,0
0,0,0,0,0,0,0,0,0,0,0,0,0,0,0,0,0,0,0,0,0,0,0,0,0,0,0,0,0,0,0,0,0,0,0,0,0,0,0,0,0,0,0,0,0,0,0,0,0,0,0,0,0,0,0,0,0,0,0,0,0,0,0,0,0,0,0,0,0,0,0,0,0,0,0,0,0,0,0,0,0,0,0,0,0,0,0,0,0,0,0
0,0,0,0,0,0,0,0,0,0,0,0,0,0,0,0,0,0,0,0,0,0,0,0,0,0,0,0,0,0,0,0,0,0,0,0,0,0,0,0,0,0,0,0,0,0,0,0,0,0,0,0,0,0,0,0,0,0,0,0,0,0,0,0,0,0,0,0,0,0,0,0,0,0,0,0,0,0,0,0,0,0,0,0,0,0,0,0,0,0,0
0,0,0,0,0,0,0,0,0,0,0,0,0,0,0,0,0,0,0,0,0,0,0,0,0,0,0,0,0,0,0,0,0,0,0,0,0,0,0,0,0,0,0,0,0,0,0,0,0,0,0,0,0,0,0,0,0,0,0,0,0,0,0,0,0,0,0,0,0,0,0,0,0,0,0,0,0,0,0,0,0,0,0,0,0,0,0,0,0,0,0
0,0,0,0,0,0,0,0,0,0,0,0,0,0,0,0,0,0,0,0,0,0,0,0,0,0,0,0,0,0,0,0,0,0,0,0,0,0,0,0,0,0,0,0,0,0,0,0,0,0,0,0,0,0,0,0,0,0,0,0,0,0,0,0,0,0,0,0,0,0,0,0,0,0,0,0,0,0,0,0,0,0,0,1,0,0,0,0,0,0,0
0,0,0,0,0,0,0,0,0,0,0,0,0,0,0,0,0,0,0,0,0,0,0,0,0,0,0,0,0,0,0,0,0,0,0,0,0,0,0,0,0,0,0,0,0,0,0,0,0,0,0,0,0,0,0,0,0,0,0,0,0,0,0,0,0,0,0,0,0,0,0,0,0,0,0,0,0,0,0,0,0,1,0,0,0,0,0,0,0,0,0
0,0,0,0,0,0,0,0,0,0,0,0,0,0,0,0,0,0,0,0,0,0,0,0,0,0,0,0,0,0,0,0,0,0,0,0,0,0,0,0,0,0,0,0,0,0,0,0,0,0,0,0,0,0,0,0,0,0,0,0,0,0,0,0,0,0,0,0,0,0,0,0,0,0,0,0,0,0,0,0,0,0,0,0,0,0,0,0,0,0,0
0,0,0,0,0,0,0,0,0,0,0,0,0,0,0,0,0,0,0,0,0,0,0,0,0,0,0,0,0,0,0,0,0,0,0,0,0,0,0,0,0,0,0,0,0,0,0,0,0,0,0,0,0,0,0,0,0,0,0,0,0,0,0,0,0,0,0,0,0,0,0,0,0,0,0,0,0,0,0,0,0,0,0,0,0,0,0,0,0,0,0
0,0,0,0,0,0,0,0,0,0,0,0,0,0,0,0,0,0,0,0,0,0,0,0,0,0,0,0,0,0,0,0,0,0,0,0,0,0,0,0,0,0,0,0,0,0,0,0,0,0,0,0,0,0,0,0,0,0,0,0,0,0,0,0,0,0,0,0,0,0,0,0,0,0,0,0,0,0,0,0,0,0,0,0,1,0,0,0,0,0,0
0,0,0,0,0,0,0,0,0,0,0,0,0,0,0,0,0,0,0,0,0,0,0,0,0,0,0,0,0,0,0,0,0,0,0,0,0,0,0,0,0,0,0,0,0,0,0,0,0,0,0,0,0,0,0,0,0,0,0,0,0,0,0,0,0,0,0,0,0,0,0,0,0,0,0,0,0,0,0,0,0,0,0,0,0,0,0,0,0,0,0
0,0,0,0,0,0,0,0,0,0,0,0,0,0,0,0,0,0,0,0,0,0,0,0,0,0,0,0,0,0,0,0,0,0,0,0,0,0,0,0,0,0,0,0,0,0,0,0,0,0,0,0,0,0,0,0,0,0,0,0,0,0,0,0,0,0,0,0,0,0,0,0,0,0,0,0,0,0,0,0,0,0,0,0,0,0,0,0,0,0,0
0,0,0,0,0,0,0,0,0,0,0,0,0,0,0,0,0,0,0,0,0,0,0,0,0,0,0,0,0,0,0,0,0,0,0,0,0,0,0,0,0,0,0,0,0,0,0,0,0,0,0,0,0,0,0,0,0,0,0,0,0,0,0,0,0,0,0,0,0,0,0,0,0,0,0,0,0,0,0,0,0,0,0,0,0,0,0,0,0,0,0
0,0,0,0,0,0,0,0,0,0,0,0,0,0,0,0,0,0,0,0,0,0,0,0,0,0,0,0,0,0,0,0,0,0,0,0,0,0,0,0,0,0,0,0,0,0,0,0,0,0,0,0,0,0,0,0,0,0,0,0,0,0,0,0,0,0,0,0,0,0,0,0,0,0,0,0,0,0,0,0,0,0,0,0,0,0,0,0,0,0,0
0,0,0,0,0,0,0,0,0,0,0,0,0,0,0,0,0,0,0,0,0,0,0,0,0,0,0,0,0,0,0,0,0,0,0,0,0,0,0,0,0,0,0,0,0,0,0,0,0,0,0,0,0,0,0,0,0,0,0,0,0,0,0,0,0,0,0,0,0,0,0,0,0,0,0,0,0,0,0,0,0,0,0,0,0,0,0,0,0,0,0
0,0,0,0,0,0,0,0,0,0,0,0,0,0,0,0,0,0,0,0,0,0,0,0,0,0,0,0,0,0,0,0,0,0,0,0,0,0,0,0,0,0,0,0,0,0,0,0,0,0,0,0,0,0,0,0,0,0,0,0,0,0,0,0,0,0,0,0,0,0,0,0,0,0,0,0,0,0,0,0,0,0,0,0,0,0,0,0,0,0,0
0,0,0,0,0,0,0,0,0,0,0,0,0,0,0,0,0,0,0,0,0,0,0,0,0,0,0,0,0,0,0,0,0,0,0,0,0,0,0,0,0,0,0,0,0,0,0,0,0,0,0,0,0,0,0,0,0,0,0,0,0,0,0,0,0,0,0,0,0,0,0,0,0,0,0,0,0,0,0,0,0,0,0,0,0,0,0,0,0,0,0
0,0,0,0,0,0,0,0,0,0,0,0,0,0,0,0,0,0,0,0,0,0,0,0,0,0,0,0,0,0,0,0,0,0,0,0,0,0,0,0,0,0,0,0,0,0,0,0,0,0,0,0,0,0,0,0,0,0,0,0,0,0,0,0,0,0,0,0,0,0,0,0,0,0,0,0,0,0,0,0,0,0,0,0,0,0,0,0,0,0,0
0,0,0,0,0,0,0,0,0,0,0,0,0,0,0,0,0,0,0,0,0,0,0,0,0,0,0,0,0,0,0,0,0,0,0,0,0,0,0,0,0,0,0,0,0,0,0,0,0,0,0,0,0,0,0,0,0,0,0,0,0,0,0,0,0,0,0,0,0,0,0,0,0,0,0,0,0,0,0,0,0,0,0,0,0,0,0,0,0,0,0
0,0,0,0,0,0,0,0,0,0,0,0,0,0,0,0,0,0,0,0,0,0,0,0,0,0,0,0,0,0,0,0,0,0,0,0,0,0,0,0,0,0,0,0,0,0,0,0,0,0,0,0,0,0,0,0,0,0,0,0,0,0,0,0,0,0,0,0,0,0,0,0,0,0,0,0,0,0,0,0,0,0,0,0,0,0,0,0,1,0,0
