0,0,0,0,0,0,0,0,1,0,0,2,1,0,1,0,5,0,1,0,1,1,0,1,2,2,2,1,2,1,0,2,2,2,1,1,3,0,1,3,3,2,1,3,0,0,1,0,0,3,1,1,0,1,1,2,2,0,2,0,0,1,4,0,1,2,1,0,2,0,0,2,1,0,0,0,0,0,0,0,1,0,0,0,0,0,0,0,0,0,0
0,0,0,3,4,4,3,6,5,6,6,11,8,13,8,13,13,10,16,14,13,12,12,18,14,11,18,22,17,26,17,17,20,26,26,17,19,22,30,19,27,25,17,24,29,18,14,22,19,15,14,16,19,22,18,12,17,13,9,12,7,9,6,10,7,12,8,11,4,14,5,11,7,5,6,6,5,1,1,3,3,2,1,1,2,0,1,0,0,0,0
0,3,5,10,16,7,16,13,18,16,26,22,21,30,33,38,44,39,45,37,33,41,40,35,38,39,53,51,59,56,57,47,55,39,50,51,59,54,57,59,70,56,48,54,54,55,45,45,61,45,33,52,39,47,45,34,40,33,42,36,39,24,30,26,20,26,28,26,24,24,13,10,18,11,11,8,8,11,4,11,8,2,5,4,4,0,1,1,0,0,0
0,3,8,8,14,22,23,30,34,38,36,39,48,53,54,52,55,79,80,86,84,84,70,68,90,79,81,88,82,96,100,81,101,92,77,103,89,96,98,108,104,85,86,84,92,86,112,93,85,85,90,89,116,78,80,85,62,67,68,63,73,67,73,65,63,61,37,51,38,39,44,32,28,24,29,27,22,16,16,22,12,16,3,9,4,3,4,3,1,1,0
1,0,13,22,35,19,27,49,57,46,56,60,77,64,79,89,75,92,98,95,100,87,102,104,95,111,142,121,139,133,146,122,150,110,119,130,137,137,141,131,136,136,151,136,144,152,133,136,139,134,124,140,117,135,116,116,116,116,116,108,118,105,110,102,101,104,96,93,119,84,86,106,95,105,105,99,84,95,74,77,73,71,62,52,44,41,32,14,13,7,1
2,4,20,21,24,34,45,50,54,68,71,66,77,87,98,103,94,100,108,120,121,125,131,139,156,136,160,155,164,148,200,157,174,188,178,196,206,192,194,180,169,204,182,200,184,168,189,161,175,182,200,174,165,171,163,140,179,174,163,214,157,152,151,140,137,160,165,181,182,183,188,201,202,219,236,224,234,240,230,202,212,183,143,136,109,98,79,59,38,20,0
1,6,16,30,34,35,57,46,62,69,87,89,98,100,99,114,108,123,133,138,133,171,161,152,171,176,186,177,185,201,193,185,210,210,206,199,208,193,220,209,218,195,223,219,185,218,208,208,219,207,206,220,207,213,191,193,203,206,197,213,222,220,207,188,218,250,231,253,293,277,303,333,338,371,349,398,352,356,365,328,339,289,257,210,180,138,121,82,49,31,3
0,5,19,21,38,43,51,57,66,83,92,84,116,103,95,127,130,128,135,148,140,151,171,180,189,181,173,204,206,206,203,226,218,239,230,210,203,248,259,231,251,220,217,245,234,226,238,234,234,264,203,221,233,242,236,215,213,230,244,225,225,214,260,230,260,266,319,323,388,422,486,473,547,533,532,483,464,464,455,437,394,332,294,247,244,194,155,132,90,27,4
2,7,16,25,34,35,50,70,67,78,79,87,91,144,124,111,139,145,130,165,158,190,200,182,204,201,193,209,238,220,224,250,242,227,271,246,227,254,234,233,259,267,274,242,278,259,278,263,221,244,268,218,244,259,250,244,242,230,245,217,216,235,261,277,302,329,376,404,454,542,561,590,626,603,596,581,617,535,518,514,434,398,364,273,274,227,162,102,95,52,5
1,6,17,28,43,42,63,70,69,81,90,86,109,130,118,115,157,150,163,143,183,179,179,195,206,190,194,223,216,240,215,239,245,229,220,206,259,262,261,244,272,270,248,255,255,259,276,255,289,264,266,300,256,271,238,244,208,242,225,214,233,266,302,302,341,399,416,528,554,662,675,664,668,684,654,634,647,574,531,528,453,439,397,334,280,227,162,158,99,48,6
0,12,14,32,44,51,53,65,66,90,109,110,107,101,109,114,151,149,150,160,166,172,185,195,187,191,202,201,240,241,218,256,226,215,242,243,268,270,248,282,249,259,261,247,251,245,259,237,229,240,281,263,248,252,241,255,261,270,261,257,242,276,284,325,368,402,427,545,559,553,613,623,626,639,619,521,626,562,533,446,467,401,365,287,275,253,175,120,91,48,7
0,12,12,26,36,45,53,60,63,71,103,96,100,145,126,117,139,165,147,162,170,190,176,206,161,213,199,219,205,239,227,218,226,240,257,261,251,243,262,257,286,292,247,250,267,293,250,231,254,227,255,211,223,258,247,250,258,237,254,219,253,233,294,312,323,360,403,435,500,492,565,553,535,507,531,485,500,458,461,396,410,346,303,244,225,198,151,117,84,26,1
1,5,14,27,43,48,50,69,77,80,89,102,115,109,129,143,141,145,161,146,158,150,172,184,197,212,199,211,218,223,233,224,230,235,232,231,243,226,229,225,241,248,241,247,246,267,241,304,256,240,258,243,208,221,231,235,248,222,233,252,210,213,232,272,301,302,356,372,427,428,484,485,457,436,454,422,400,411,427,322,311,335,246,215,164,144,135,95,55,20,7
1,7,14,29,40,45,45,41,71,52,86,97,103,116,101,110,114,144,133,138,151,157,189,136,176,184,202,188,204,197,236,206,198,217,232,232,261,229,221,229,261,246,234,259,233,262,221,236,213,244,214,224,221,246,218,202,208,197,209,199,184,204,217,211,261,293,303,306,353,357,386,373,416,402,399,384,379,375,335,337,294,273,244,223,156,143,116,78,48,31,4
0,11,14,26,28,45,47,46,70,83,78,89,100,79,125,111,134,123,146,152,156,146,159,158,168,184,183,206,184,179,210,183,208,192,224,240,191,196,204,210,230,198,200,199,224,187,190,209,192,194,162,187,185,204,176,178,185,168,175,161,142,193,212,203,241,237,241,277,305,309,365,333,361,374,368,372,334,301,323,314,234,224,219,175,146,120,92,65,45,19,0
4,8,17,28,22,30,42,43,60,73,57,70,81,111,114,127,125,93,135,130,135,135,145,160,162,147,197,202,191,165,178,202,185,176,209,184,185,192,175,203,171,172,202,188,191,162,197,161,169,148,167,158,174,168,180,137,161,176,155,153,173,170,171,155,203,213,215,279,239,292,296,300,286,295,284,338,305,283,303,263,247,193,187,184,143,105,89,47,32,25,4
1,9,19,24,28,37,38,46,54,60,75,83,86,88,104,102,109,124,124,124,143,137,130,152,151,143,163,145,145,164,159,189,150,162,161,177,148,168,152,174,145,168,165,150,161,177,161,146,147,138,136,131,159,148,160,145,147,141,133,137,159,161,171,165,209,172,209,197,220,275,225,259,279,270,299,285,254,261,265,243,219,207,186,135,123,102,75,77,33,22,2
0,8,12,19,27,36,53,45,50,50,62,82,77,75,95,85,84,93,127,106,133,124,122,114,131,145,127,144,135,125,153,149,152,138,143,146,132,145,140,148,141,130,138,138,128,142,123,118,136,118,143,127,140,147,142,114,139,126,148,144,148,161,145,133,160,174,179,193,192,202,227,248,242,249,232,233,287,251,246,216,173,184,176,158,96,100,75,44,33,18,1
1,8,11,21,33,43,34,33,48,58,71,53,58,76,90,89,83,99,104,107,127,122,127,96,112,102,124,118,103,125,138,116,120,139,139,127,126,126,128,159,124,150,122,108,132,105,117,116,117,129,132,129,126,134,111,118,130,141,131,117,129,127,128,133,156,167,153,154,156,177,189,211,195,218,206,189,207,191,192,189,164,166,149,122,101,109,41,51,40,8,1
0,3,11,17,27,27,23,29,45,52,58,76,73,87,61,83,91,71,67,77,88,103,99,94,93,101,101,102,108,119,120,112,124,119,114,128,109,107,99,126,131,125,118,120,130,134,126,93,105,114,87,105,104,136,126,136,121,121,138,127,114,122,115,114,134,150,160,166,171,147,170,183,203,211,186,206,185,217,167,158,138,139,125,106,102,67,56,44,17,14,1
0,3,10,10,22,16,35,34,42,55,57,55,62,51,73,60,71,83,70,78,93,92,61,85,92,87,86,96,87,92,89,93,85,93,115,106,123,97,106,113,96,90,110,108,110,95,100,103,96,83,98,99,102,113,106,114,94,91,114,127,105,115,115,110,120,122,135,141,152,144,137,154,155,154,188,190,165,163,149,171,153,119,120,101,85,66,47,34,16,7,1
1,6,9,13,14,26,30,35,42,39,42,44,47,59,59,63,58,73,73,50,76,59,81,67,76,78,80,71,96,75,65,82,67,94,91,88,75,91,79,79,80,77,78,69,87,83,87,95,89,100,93,100,91,86,101,113,112,91,105,110,95,96,133,119,109,115,109,134,135,107,125,137,142,139,162,155,123,129,151,129,111,119,106,84,83,58,49,31,23,18,0
2,5,10,12,18,21,26,29,23,36,43,42,41,37,58,62,58,62,49,64,65,62,71,63,85,77,54,65,70,79,85,77,72,78,77,86,78,78,77,63,69,95,66,68,75,75,78,74,74,95,103,83,94,90,114,98,69,92,103,85,99,93,88,101,110,87,96,137,135,110,114,144,137,105,138,129,153,129,110,118,120,104,84,87,59,56,41,18,20,12,1
0,5,10,9,15,22,28,32,17,27,35,42,38,47,50,39,45,42,52,61,51,58,58,49,55,56,65,65,58,68,54,57,61,62,61,72,66,51,50,76,61,85,72,83,66,73,76,81,61,77,68,86,74,92,74,91,79,87,107,90,91,79,91,94,84,89,98,101,125,101,115,104,111,91,90,105,115,112,106,118,97,104,94,66,68,36,30,16,18,7,1
2,4,7,10,12,16,15,17,26,28,35,30,25,46,46,29,37,48,47,36,43,48,45,53,35,59,66,43,56,55,51,58,60,60,50,55,63,49,41,45,58,57,43,59,64,60,50,68,62,68,63,75,73,68,89,79,78,77,86,84,78,87,83,77,74,82,76,92,100,93,95,78,100,88,89,98,107,116,85,93,88,96,78,70,62,42,28,23,16,6,1
0,4,5,8,13,17,15,12,28,13,26,32,36,31,28,29,30,34,37,42,35,39,48,42,41,38,54,58,45,35,51,44,54,47,45,28,58,47,47,52,52,53,56,61,50,66,64,48,71,58,57,57,77,71,75,57,79,65,77,71,72,70,77,76,80,63,74,85,94,90,81,69,81,69,95,86,86,86,79,85,67,60,64,57,49,36,32,29,11,8,1
1,8,4,6,19,15,17,18,21,15,19,20,26,24,36,39,26,25,35,32,20,36,33,43,36,34,34,49,41,31,38,37,36,47,49,48,52,41,43,54,46,53,53,52,50,57,43,56,54,63,49,76,69,69,63,62,66,61,61,62,71,67,71,67,60,74,70,65,71,83,77,74,85,75,84,75,72,85,107,65,58,59,45,47,46,22,22,22,8,4,0
0,1,4,3,14,6,9,13,13,20,23,20,31,19,25,21,30,23,28,25,30,35,36,27,34,31,32,36,33,33,35,36,32,38,40,35,24,50,40,39,43,43,42,59,51,49,50,68,49,49,42,53,41,46,54,52,57,63,47,42,51,62,63,56,59,61,59,63,52,63,62,54,57,75,66,69,73,54,55,60,52,71,60,44,50,25,22,10,10,4,1
0,5,4,10,5,6,12,14,13,10,15,17,21,17,25,26,24,22,33,23,27,26,19,26,28,24,30,31,34,23,36,33,30,35,36,27,38,36,44,35,28,33,34,45,26,46,43,39,44,57,35,42,66,45,43,45,38,42,51,54,50,59,38,57,55,54,49,46,47,44,63,54,74,50,57,54,60,55,66,45,67,48,51,30,37,27,17,12,9,6,1
0,1,5,1,7,6,3,13,14,19,13,15,18,15,18,15,20,17,24,23,21,23,28,29,35,27,29,23,22,25,29,23,43,23,28,22,34,28,35,31,20,43,37,32,37,34,36,42,48,42,44,41,46,53,45,55,40,41,41,49,46,56,39,48,48,53,40,50,30,43,60,47,41,54,51,54,45,49,37,44,37,39,40,29,26,24,15,12,11,3,0
1,2,2,4,5,7,12,6,8,7,6,11,10,20,9,14,23,17,24,19,11,15,22,16,24,21,22,27,21,22,34,19,25,18,27,21,27,29,37,33,37,28,30,35,37,35,29,38,31,42,38,38,37,32,39,37,31,53,39,38,41,35,57,36,47,49,40,37,39,50,39,42,55,47,35,37,46,57,59,40,45,43,36,33,19,23,18,10,8,5,0
0,3,1,2,1,3,7,3,3,9,11,13,10,15,11,14,13,14,19,13,15,11,22,13,21,23,19,18,19,14,22,18,20,20,21,23,30,29,27,26,19,38,26,26,28,31,27,33,33,35,41,32,29,35,35,31,33,36,39,34,37,38,31,40,50,46,43,32,39,30,43,41,45,40,39,26,34,50,45,48,47,32,38,28,22,18,16,4,2,1,0
0,1,0,4,4,3,4,5,5,8,7,10,11,13,15,7,13,12,21,16,13,8,14,14,20,25,25,18,25,16,20,26,21,16,21,30,17,19,12,19,19,16,29,35,24,25,22,34,30,28,24,28,36,33,34,37,30,25,38,33,32,31,31,39,30,31,34,36,25,28,28,36,32,34,32,34,44,41,35,30,25,36,26,20,21,21,8,8,2,0,1
0,0,2,3,0,3,4,0,8,1,6,10,6,8,7,7,10,9,17,7,16,11,22,16,14,13,22,15,12,14,15,13,14,18,22,17,20,24,15,19,18,13,31,24,25,29,28,26,20,22,24,37,21,22,26,31,34,21,37,25,32,26,17,31,35,24,27,32,21,39,23,29,16,24,26,21,27,33,32,23,32,28,35,15,15,12,10,6,4,1,0
0,2,1,1,1,3,2,4,3,3,10,5,5,6,8,6,6,7,12,9,10,15,13,7,14,10,10,11,13,10,11,12,9,13,10,13,17,8,14,18,23,16,24,14,26,22,28,27,26,16,28,19,19,21,18,19,20,31,24,20,29,20,28,35,32,27,37,28,32,28,19,19,37,24,23,23,26,22,22,24,21,24,16,19,15,17,11,5,6,2,0
0,1,1,0,2,0,1,4,3,4,5,7,3,4,7,10,5,5,4,7,10,8,12,11,9,15,8,11,12,19,12,15,15,16,15,17,20,12,12,11,16,19,25,18,9,21,21,18,23,11,17,15,23,28,24,31,28,28,23,12,24,19,23,24,22,31,19,20,19,25,31,23,21,19,28,34,30,16,20,22,26,30,16,15,15,8,9,6,2,1,0
0,0,1,0,0,1,2,3,4,0,8,4,10,3,5,2,14,8,11,7,6,7,6,7,15,11,9,6,8,10,15,9,12,6,8,8,17,9,12,16,15,21,19,16,21,11,11,27,20,26,18,13,24,19,27,38,14,27,19,26,18,25,17,14,23,20,14,29,24,19,18,19,19,22,20,19,22,23,19,17,14,19,15,13,11,8,3,6,3,1,0
0,1,0,1,0,0,1,2,1,5,5,4,1,3,9,5,6,6,10,13,5,6,7,6,7,13,8,7,8,6,12,7,6,16,4,12,5,13,11,13,8,10,11,11,15,11,13,13,15,20,15,18,16,17,17,15,10,16,17,16,21,20,21,19,13,16,16,16,25,12,17,19,12,26,22,21,17,13,11,18,17,26,18,14,10,9,6,4,2,0,0
0,0,1,0,1,2,0,1,1,1,2,5,2,5,5,4,3,1,6,11,8,2,5,5,5,13,4,4,10,3,9,5,7,7,11,9,13,12,7,6,12,8,13,12,17,26,8,9,9,12,19,8,18,17,10,22,15,11,6,15,17,13,13,19,20,16,17,15,14,14,20,16,20,18,14,14,6,16,23,12,17,16,11,14,10,7,3,2,1,0,0
0,0,0,2,0,0,1,2,1,1,3,3,1,4,4,3,4,3,7,6,2,5,7,3,3,4,7,2,4,5,5,9,8,8,8,8,12,9,13,7,10,8,10,19,7,12,18,14,8,12,16,17,13,9,11,7,13,9,15,6,17,10,4,17,18,13,19,11,13,15,15,11,10,17,12,14,14,7,24,13,14,8,10,8,9,7,8,5,2,0,0
0,0,0,1,0,1,4,1,1,3,3,1,1,2,3,4,5,4,2,2,4,4,5,3,2,8,2,3,5,5,7,8,12,12,7,5,8,7,10,10,6,12,10,10,13,12,12,14,16,8,10,11,8,5,14,13,9,13,8,14,9,11,13,16,11,10,12,12,14,10,11,14,11,11,3,14,13,9,7,8,13,16,7,6,4,7,3,3,2,0,0
0,1,0,1,0,0,1,1,3,0,3,0,1,4,3,4,3,1,6,6,4,7,6,4,2,2,3,5,6,4,1,2,8,5,8,2,8,6,7,3,3,6,8,9,6,7,12,8,6,18,5,11,7,10,12,11,15,10,12,12,3,10,16,8,8,13,10,12,12,11,8,6,9,6,16,12,8,15,9,4,6,12,6,4,5,3,5,3,0,0,0
0,0,1,0,1,4,1,0,1,1,1,1,1,2,1,1,1,2,3,3,1,3,1,2,4,4,2,7,2,4,10,6,5,3,1,8,10,5,4,4,8,3,6,4,6,4,8,7,6,8,12,14,4,11,17,6,14,6,12,10,16,3,11,11,10,10,5,7,7,11,8,12,4,11,10,7,5,4,11,7,4,10,9,6,5,6,1,2,2,0,0
0,0,0,0,0,1,0,0,1,1,1,1,3,0,1,2,2,4,5,2,3,6,6,1,3,1,3,3,5,4,3,5,7,3,5,6,1,5,5,3,5,8,7,11,6,7,4,6,6,7,8,7,6,4,3,7,5,8,9,6,8,6,5,7,9,6,11,12,6,9,5,6,14,12,3,7,7,3,3,5,4,7,8,2,5,4,3,3,0,2,0
0,0,0,0,0,1,0,0,1,0,2,1,4,2,2,0,2,1,3,1,1,2,3,3,1,4,1,4,2,2,3,2,7,4,4,7,7,4,4,5,7,6,4,4,4,5,5,4,9,3,7,6,7,4,1,7,6,5,8,7,9,7,6,7,6,8,11,12,10,7,3,10,3,2,9,3,6,5,3,3,6,11,5,6,7,6,2,3,1,0,0
0,0,0,0,0,0,1,1,1,0,2,0,1,1,3,1,2,3,3,4,1,5,3,0,2,4,4,0,1,3,2,6,5,9,6,4,3,5,3,5,6,2,3,7,3,6,9,3,4,5,4,6,5,8,4,11,6,7,4,7,6,5,4,2,8,3,4,8,5,4,6,6,6,4,5,5,5,7,4,1,9,5,6,3,2,5,2,3,2,0,0
0,0,0,1,0,0,0,0,1,2,0,2,2,1,0,0,1,2,0,3,4,1,3,2,3,2,1,0,1,3,6,3,2,7,3,1,3,6,4,6,7,5,5,5,5,3,7,4,9,3,3,4,6,8,6,6,4,6,6,8,3,10,3,5,4,9,6,1,3,4,6,6,6,6,9,1,6,6,3,4,6,3,6,10,1,2,0,0,0,0,0
0,0,0,0,0,1,0,0,0,0,0,2,0,1,0,0,1,1,2,3,2,3,0,1,3,2,2,0,0,3,3,2,1,1,2,3,1,4,5,6,2,3,5,1,6,5,9,3,5,7,1,3,4,5,7,3,4,2,7,2,4,4,4,12,8,4,2,5,5,4,4,5,5,11,3,3,5,2,5,5,2,3,2,1,2,2,2,1,0,0,0
0,0,0,0,1,0,1,0,0,0,1,0,0,1,1,0,1,1,0,3,3,0,0,2,4,3,2,3,0,0,0,1,3,3,2,3,4,4,3,3,4,1,2,1,7,3,7,2,5,6,7,4,5,2,5,6,7,6,6,7,5,3,4,2,6,5,4,4,3,5,3,5,2,3,3,7,3,2,5,0,4,5,4,6,1,3,1,1,0,1,0
0,0,0,0,0,0,0,0,0,1,2,0,0,0,1,2,0,3,0,2,0,1,0,0,1,0,0,2,3,0,1,2,2,2,1,2,0,5,4,5,3,3,1,4,3,1,1,4,3,0,9,2,2,4,2,6,1,2,8,3,3,4,4,2,1,3,5,5,1,3,2,4,4,5,2,1,6,2,2,3,2,2,2,3,3,0,2,3,0,0,0
0,0,0,0,0,1,0,0,1,1,0,0,0,3,1,1,0,1,2,1,2,0,2,3,0,0,1,3,1,2,4,1,2,2,1,2,1,2,0,0,0,5,1,2,4,0,3,4,1,3,0,1,5,2,3,5,1,4,0,3,2,5,2,2,5,2,4,3,3,3,3,3,3,2,5,0,1,3,2,3,3,5,2,1,1,1,0,0,1,0,0
0,0,0,1,1,0,0,2,0,0,1,0,0,0,0,0,2,2,2,1,1,0,1,2,1,2,1,0,1,0,1,0,3,0,2,1,2,2,1,3,2,2,1,4,2,3,2,1,2,2,3,2,2,0,4,1,2,1,3,1,3,2,3,2,5,5,1,4,3,1,2,3,1,2,1,0,0,3,0,4,3,0,1,3,0,3,1,0,0,0,0
0,0,1,0,0,0,0,0,0,0,0,0,0,0,1,0,0,0,2,0,0,2,0,0,0,1,0,1,0,2,2,0,2,2,0,0,1,1,1,1,4,2,0,2,1,1,3,3,0,5,1,3,1,1,1,2,2,2,3,5,2,1,8,0,4,4,1,0,2,2,2,6,3,1,4,8,1,2,1,2,3,3,2,0,0,2,2,1,1,0,0
0,0,0,0,0,0,0,0,0,0,0,1,0,0,0,1,1,1,2,0,0,0,1,2,0,1,1,2,3,0,1,0,1,0,0,3,2,3,0,3,1,2,0,2,1,2,3,1,2,2,3,2,1,2,3,1,0,1,2,0,2,1,3,1,4,0,2,3,4,3,2,1,1,0,3,1,2,1,1,3,3,2,1,1,0,0,1,0,1,1,0
0,0,0,0,0,0,0,0,0,1,1,0,0,0,0,0,0,0,0,0,0,1,0,0,0,1,2,1,0,0,1,2,2,1,3,1,1,2,3,3,4,0,1,1,3,2,4,1,4,2,2,1,1,2,1,3,3,1,2,3,1,3,1,4,1,2,2,4,3,4,1,3,2,1,0,1,3,2,0,0,2,0,3,1,0,1,1,2,0,0,0
0,0,0,0,0,0,0,0,0,0,0,0,0,0,0,0,0,0,0,0,1,0,1,1,1,0,0,0,1,2,1,0,0,0,1,0,0,2,0,1,2,1,0,0,0,1,2,2,0,2,2,3,1,1,0,5,4,2,5,2,1,2,1,1,2,1,1,2,1,1,1,2,0,0,2,2,0,0,1,0,0,0,1,2,0,1,0,0,0,0,0
0,0,0,0,0,0,0,0,0,0,0,0,0,0,0,0,0,0,0,0,0,2,0,0,0,2,1,1,1,0,0,0,0,1,0,1,0,0,2,2,0,1,1,1,1,2,1,2,1,1,1,1,0,0,2,3,2,0,3,1,1,2,0,1,1,1,1,1,1,3,3,2,0,1,0,0,1,2,1,6,0,1,0,3,0,0,1,0,0,0,0
0,0,0,0,0,0,0,0,0,0,0,0,0,0,2,0,1,0,0,0,0,0,0,1,0,0,1,0,0,0,0,1,0,2,1,0,2,1,0,0,0,2,1,2,1,0,0,0,1,2,4,3,1,1,1,0,2,0,0,0,0,0,1,0,0,1,0,1,1,0,2,1,1,0,2,0,1,1,1,2,1,0,5,4,1,0,1,0,0,0,0
0,0,0,0,0,0,0,1,0,0,0,0,0,1,0,0,0,0,0,0,0,0,0,0,0,0,0,0,1,0,0,1,1,1,0,0,0,1,0,2,2,1,0,0,1,0,2,1,0,0,1,2,0,2,1,1,0,2,0,0,1,1,0,0,4,2,2,3,0,2,2,0,1,1,0,2,1,0,3,0,2,1,0,0,1,0,0,0,0,0,0
0,0,0,0,1,0,0,0,0,0,0,0,0,0,0,0,1,0,0,0,0,0,0,0,1,0,0,1,0,0,0,0,3,0,0,0,0,0,0,1,1,1,0,1,1,1,1,0,1,3,0,2,2,1,0,1,1,0,0,1,1,2,0,1,0,1,0,0,1,3,0,1,1,2,0,0,1,1,0,0,0,0,0,1,0,0,0,1,0,0,0
0,0,0,0,0,0,0,0,0,1,0,0,1,0,0,1,0,0,1,0,0,0,0,0,0,0,0,0,1,0,0,1,0,0,0,0,1,0,0,0,0,2,1,0,0,1,1,0,0,0,1,1,0,2,1,3,0,0,0,0,2,1,0,1,0,0,2,1,1,2,0,0,1,1,0,0,0,1,2,0,1,0,0,1,1,0,0,0,0,0,0
0,0,0,0,0,0,0,0,0,0,0,1,0,0,0,0,0,0,0,0,1,0,0,1,0,0,0,1,0,0,1,0,0,0,1,1,2,1,0,0,1,2,0,1,1,0,0,0,2,0,0,1,0,0,0,1,1,1,1,0,1,0,1,0,0,0,1,1,0,0,0,0,0,0,1,0,0,2,1,0,1,0,0,0,1,0,1,0,0,0,0
0,0,0,0,0,0,0,0,0,0,0,0,0,0,0,0,0,0,0,0,0,0,0,0,0,0,0,0,0,0,0,0,0,0,0,0,1,0,0,0,2,0,1,0,0,0,1,0,1,1,0,1,1,2,0,0,0,1,1,0,0,1,0,1,1,1,0,2,2,0,0,1,0,1,1,0,0,1,0,0,0,0,0,0,1,0,0,0,0,0,0
0,0,0,0,0,0,0,0,0,0,0,0,0,0,0,1,0,0,0,0,0,0,1,0,0,0,0,0,1,0,0,0,0,0,0,0,0,0,0,1,0,0,0,2,0,0,2,1,1,0,0,0,2,0,2,1,0,0,0,2,0,1,0,0,0,0,2,1,1,1,1,0,1,0,0,0,0,1,0,0,0,0,0,0,0,1,0,0,0,0,0
0,0,0,0,0,0,0,0,0,0,0,0,0,0,0,0,1,0,0,0,0,0,0,0,0,0,0,1,0,0,1,0,0,0,0,1,0,0,0,0,0,1,1,0,0,1,0,1,1,1,0,0,0,0,0,0,0,0,2,1,0,0,1,0,0,1,0,0,2,0,0,1,0,1,0,0,0,0,0,0,1,0,0,0,0,0,0,1,0,0,0
0,0,0,1,0,0,0,0,0,0,0,0,0,0,0,0,0,0,0,0,0,0,0,0,0,0,0,1,0,0,0,0,0,0,0,0,1,0,0,0,0,0,1,0,0,0,1,0,0,0,0,0,0,0,0,0,1,0,0,0,1,0,0,4,0,0,0,0,0,0,1,1,0,0,1,1,0,0,0,0,0,1,0,1,0,0,0,0,0,0,0
0,0,0,0,0,0,0,0,0,0,0,0,0,0,0,0,0,1,0,1,0,0,0,0,0,0,0,0,0,0,0,1,0,0,0,1,0,0,0,0,1,0,0,1,0,1,0,0,0,0,0,0,0,1,1,0,0,0,1,1,0,1,1,0,0,0,0,0,0,0,0,1,0,0,1,0,0,0,0,0,0,0,0,1,0,0,0,1,0,0,0
0,0,0,0,0,0,0,0,0,0,0,0,0,0,0,0,0,1,0,0,0,0,0,0,0,0,0,0,0,0,1,1,0,0,0,0,0,1,0,0,0,0,0,1,1,0,0,2,1,0,0,1,0,0,0,0,1,1,2,0,0,2,0,1,1,1,0,0,1,1,0,0,1,0,0,1,0,0,1,0,0,0,0,0,0,0,0,0,0,0,0
0,0,0,0,0,0,0,0,0,0,0,0,0,0,0,0,0,0,1,0,0,0,0,0,1,0,0,0,0,0,0,0,0,0,0,0,1,0,0,1,0,0,0,1,1,0,0,0,0,0,0,0,0,0,0,1,0,0,0,0,0,1,1,1,0,0,0,0,0,0,1,0,0,0,0,0,0,0,0,0,0,1,0,0,1,0,0,0,0,0,0
0,0,0,0,0,0,0,0,0,0,0,0,0,0,0,0,0,1,0,0,0,1,0,0,0,0,0,0,0,0,0,0,0,0,0,0,0,0,0,0,0,0,0,0,1,0,0,1,0,0,1,2,1,1,0,0,0,0,0,0,1,0,0,1,1,0,0,0,0,0,0,0,0,0,0,1,0,0,0,0,0,1,0,1,0,0,0,0,0,0,0
0,0,0,0,0,0,0,0,0,0,0,0,0,0,0,0,0,0,0,0,0,0,0,0,0,0,0,0,0,0,0,0,0,0,0,0,0,0,0,0,0,0,1,0,0,0,1,0,0,0,1,0,0,0,0,0,1,0,1,0,0,0,0,0,0,0,0,1,0,0,0,0,0,0,0,0,0,0,0,0,0,0,0,0,0,0,0,0,0,0,0
0,0,0,0,0,0,0,0,0,0,0,0,0,0,1,0,0,0,0,0,0,0,0,0,0,0,0,0,0,0,0,0,0,0,0,0,0,0,0,0,0,0,1,1,0,0,0,0,0,0,0,0,0,0,1,0,0,1,0,0,0,0,0,0,0,0,0,0,0,0,0,0,0,1,0,0,0,0,0,1,0,1,0,0,0,0,0,0,0,0,0
0,0,0,0,0,0,0,0,0,0,0,0,0,0,0,0,0,0,0,0,0,0,0,0,0,0,0,0,1,0,0,0,0,0,0,0,0,0,0,1,0,0,0,0,0,0,0,0,0,0,0,0,0,0,0,0,0,0,1,0,0,1,0,0,0,0,0,0,0,0,0,0,0,0,0,0,0,0,0,0,1,0,0,0,0,0,0,0,0,0,0
0,0,0,0,0,0,0,0,0,0,0,0,0,0,0,0,0,0,0,0,0,0,0,0,0,0,0,0,0,0,0,0,0,0,0,0,0,0,0,0,0,0,0,0,0,0,0,0,0,0,0,0,1,0,0,0,0,0,0,0,0,0,0,0,0,0,0,0,0,1,0,0,0,0,0,0,0,0,0,0,1,0,1,0,0,0,0,0,0,0,0
0,0,0,0,0,0,0,0,0,0,0,0,0,0,0,0,0,0,0,0,0,0,0,0,0,0,0,0,0,0,0,0,0,0,0,0,0,0,0,1,0,0,0,1,0,0,0,0,0,0,0,0,0,0,1,0,0,0,0,0,0,0,0,0,0,0,0,0,0,0,0,0,0,0,0,0,0,0,0,0,0,0,0,0,1,0,0,0,0,0,0
0,0,0,0,0,0,0,0,0,0,0,0,0,0,0,0,0,0,0,0,0,0,0,0,0,0,0,0,0,0,0,0,0,0,0,0,1,0,0,0,0,0,0,0,0,0,0,0,0,0,0,0,0,0,0,0,0,0,0,0,0,2,0,0,0,0,0,0,0,0,0,0,0,0,0,0,0,0,0,0,0,0,0,0,0,0,0,0,0,0,0
0,0,0,0,0,0,0,0,0,0,0,0,0,0,0,0,0,0,0,0,0,0,0,0,0,0,0,0,0,0,0,0,0,0,0,0,0,0,0,0,0,0,0,0,0,1,1,0,0,0,0,0,0,0,0,0,0,0,0,0,0,0,0,0,0,0,0,1,0,0,0,1,0,0,0,0,0,0,0,0,0,0,0,0,0,0,0,0,0,0,0
0,0,0,0,0,0,0,0,0,0,0,0,0,0,0,0,0,0,0,0,0,0,0,0,0,0,0,0,0,0,0,0,0,0,0,0,0,0,0,0,0,0,0,0,0,0,0,0,0,0,0,0,0,0,0,0,0,0,0,0,0,0,0,0,0,0,0,0,0,0,0,0,0,0,0,0,0,0,0,0,0,0,0,0,0,0,0,1,0,0,0
0,0,0,0,0,0,0,0,0,0,0,0,0,0,0,0,0,0,0,0,0,0,0,0,0,1,0,0,0,0,0,0,0,0,0,0,0,0,0,0,0,0,0,0,0,0,0,0,0,0,0,0,0,0,0,1,0,0,0,1,0,0,0,0,0,0,0,0,0,0,0,0,0,0,0,0,0,0,0,0,0,0,0,0,0,0,0,0,0,0,0
0,0,0,0,0,0,0,0,0,0,0,0,0,0,0,0,0,0,0,0,0,0,0,0,0,0,0,0,0,0,0,0,0,0,0,0,0,1,0,0,0,0,0,0,0,0,0,0,0,0,0,0,0,1,0,0,0,0,0,0,0,0,0,0,0,1,0,0,0,0,0,0,0,0,0,0,0,0,0,0,0,0,0,0,0,0,0,0,0,0,0
0,0,0,0,0,0,0,0,0,0,0,0,0,0,0,0,0,0,0,0,0,0,0,0,0,0,0,0,0,0,0,0,0,0,0,0,0,0,0,0,0,0,0,0,0,1,0,0,0,0,0,0,0,0,1,0,1,0,0,0,0,0,0,0,0,0,0,0,0,0,0,0,0,1,0,0,0,0,0,0,0,0,0,0,0,0,0,0,0,0,0
0,0,0,0,0,0,0,0,0,0,0,0,0,0,0,0,0,0,0,0,0,0,0,0,0,0,0,0,0,0,0,0,0,0,0,0,0,0,0,0,0,0,0,0,0,0,0,0,0,0,0,0,0,0,0,0,0,0,0,0,0,0,0,0,0,0,0,0,0,0,0,0,0,0,0,0,1,0,0,0,0,0,0,0,0,0,0,0,0,0,0
0,0,0,0,0,0,0,0,0,0,0,0,0,0,0,0,0,0,0,0,0,0,0,0,0,0,0,0,0,0,0,0,0,0,0,0,0,0,0,0,0,0,0,0,0,0,0,0,0,0,0,0,0,0,0,0,0,0,0,0,0,0,0,0,0,0,0,0,0,0,0,0,0,0,0,0,0,0,0,0,0,0,0,0,0,0,0,0,0,0,0
0,0,0,0,0,0,0,0,0,0,0,0,0,0,0,0,0,0,0,0,0,0,0,0,0,0,0,0,0,0,0,0,0,0,0,0,0,0,0,0,0,0,0,0,0,0,0,0,0,0,0,0,0,0,0,0,0,0,0,0,0,0,0,0,0,0,0,0,0,0,0,0,0,0,0,0,0,0,0,0,0,0,0,0,0,0,0,0,0,0,0
0,0,0,0,0,0,0,0,0,0,0,0,0,0,0,0,0,0,0,0,0,0,0,0,0,0,0,0,0,0,0,0,0,0,0,0,0,0,0,0,0,0,0,0,0,0,0,0,0,0,0,0,0,0,0,0,0,0,0,0,0,0,0,0,1,0,1,0,0,0,0,0,0,0,0,0,0,0,0,0,0,0,0,0,0,0,0,0,0,0,0
0,0,0,0,0,0,0,0,0,0,0,0,0,0,0,0,0,0,0,0,0,0,0,0,0,0,0,0,0,0,0,0,0,0,0,1,0,0,0,0,0,0,0,0,0,0,0,0,0,0,0,0,0,0,0,0,0,0,0,0,0,0,0,0,0,0,0,0,0,0,0,0,0,0,0,0,0,0,0,0,0,0,0,0,0,0,0,0,0,0,0
0,0,0,0,0,0,0,0,0,0,0,0,0,0,0,0,0,0,0,0,0,0,0,0,0,0,0,0,0,0,0,0,0,0,0,0,0,0,0,0,0,0,0,0,0,0,0,0,0,0,0,0,0,0,0,0,0,0,0,0,0,0,0,0,0,0,0,0,0,0,0,0,0,0,0,0,0,0,0,0,0,0,0,0,0,0,0,0,0,0,0
0,0,0,0,0,0,0,0,0,0,0,0,0,0,0,0,0,0,0,0,0,0,0,0,0,0,0,0,0,0,0,0,0,0,0,0,0,0,0,0,0,0,0,0,0,0,0,0,0,0,0,0,0,0,0,0,0,0,0,0,0,0,0,0,0,0,0,0,0,0,0,0,0,0,0,0,0,0,0,0,0,0,0,0,0,0,0,0,0,0,0
0,0,0,0,0,0,0,0,0,0,0,0,0,0,0,0,0,0,0,0,0,0,0,0,0,0,0,0,0,0,0,0,0,0,0,0,0,0,0,0,0,0,0,0,0,0,0,0,0,0,0,0,0,0,0,0,0,0,0,0,0,0,0,0,0,0,0,0,0,0,0,0,0,0,0,0,0,0,0,0,0,0,0,0,0,0,0,0,0,0,0
0,0,0,0,0,0,0,0,0,0,0,0,0,0,0,0,0,0,0,0,0,0,0,0,0,0,0,0,0,0,0,0,0,0,0,0,0,0,0,0,0,0,0,0,0,0,0,0,0,0,0,0,0,0,0,0,0,0,0,0,0,0,0,0,0,0,0,0,0,0,0,0,0,0,0,0,0,0,0,0,0,0,0,0,0,0,0,0,0,0,0
0,0,0,0,0,0,0,0,0,0,0,0,0,0,0,0,0,0,0,0,0,0,0,0,0,0,0,0,0,0,0,0,0,0,0,0,0,0,0,0,0,0,0,0,0,0,0,0,0,0,0,0,0,0,0,0,0,0,0,0,0,0,0,0,0,0,0,1,0,0,0,0,0,0,0,0,0,0,0,0,0,0,0,0,0,0,0,0,0,0,0
