0,0,0,0,0,0,0,0,0,0,0,0,0,0,0,0,0,0,0,0,0,1,0,0,0,0,0,0,0,0,0,0,0,0,0,0,0,0,0,0,1,0,0,0,0,0,0,1,0,0,0,0,0,0,0,0,0,0,2,0,0,1,0,0,0,2,1,0,1,0,0,2,2,1,1,1,1,2,2,1,2,2,0,0,0,0,0,0,0,0,0
0,0,0,1,0,0,0,0,0,0,0,0,0,0,0,0,0,1,0,0,0,2,0,0,0,0,0,0,0,1,0,0,1,1,1,0,1,2,0,0,0,0,1,0,1,0,0,0,0,0,0,0,0,0,0,1,0,0,0,2,2,1,3,4,3,2,10,8,6,11,7,9,8,8,8,7,8,14,4,12,5,6,4,5,4,4,5,1,0,1,0
0,0,0,0,0,0,1,0,0,1,0,0,0,1,1,1,0,0,0,0,1,1,0,2,2,0,2,1,1,0,0,0,0,0,0,1,2,1,0,1,0,0,2,1,1,1,1,0,0,3,1,1,4,1,2,1,0,0,1,0,1,2,3,5,5,14,12,15,16,18,20,15,16,26,27,24,31,19,21,20,18,24,14,11,15,11,5,6,0,2,0
0,0,0,0,1,0,0,0,2,0,1,0,0,0,0,1,1,0,2,0,0,1,1,1,1,2,0,0,2,0,0,0,3,0,3,0,1,0,2,1,1,0,0,1,3,1,0,3,1,1,2,0,0,2,3,1,1,0,2,1,0,2,1,6,12,17,19,32,39,49,50,61,54,64,65,70,59,68,78,55,63,57,43,42,27,36,25,18,11,7,1
0,0,0,1,0,0,0,0,0,0,0,0,0,0,0,0,0,0,0,1,2,0,0,0,1,0,1,1,1,0,0,0,1,2,0,0,4,0,1,0,1,2,1,1,0,0,1,3,1,2,3,3,0,2,1,1,1,0,2,0,3,0,2,7,11,26,47,85,115,115,131,167,183,189,173,168,184,178,171,176,145,138,114,120,96,82,46,61,33,11,3
0,0,0,0,0,1,0,0,0,0,0,2,1,0,0,0,0,1,0,0,0,1,0,1,2,1,2,1,1,1,3,1,0,1,2,1,1,0,1,0,0,1,0,2,0,2,1,3,0,1,1,3,0,0,1,2,0,1,1,0,1,1,3,11,22,96,156,168,225,238,259,255,232,271,246,274,236,236,204,206,197,187,159,152,140,93,68,57,37,23,0
0,0,0,0,0,1,0,0,0,0,0,0,0,0,0,0,0,0,2,3,1,0,0,0,2,0,1,0,0,2,1,0,1,2,2,0,1,1,0,1,1,3,0,2,3,3,2,4,2,3,3,2,0,3,2,0,2,0,0,0,1,1,0,16,72,170,230,278,279,280,314,319,317,305,288,298,275,249,246,226,211,217,191,125,139,119,97,60,48,25,4
0,0,0,0,0,0,0,0,0,1,1,0,0,0,0,1,1,1,0,0,3,2,1,1,1,1,4,0,0,1,2,1,2,0,2,0,0,1,1,1,0,0,2,2,0,1,2,0,2,2,1,2,1,1,2,2,2,2,0,1,0,0,5,20,94,219,249,269,271,337,300,315,329,334,323,306,276,286,302,244,213,215,212,163,132,119,88,74,49,29,2
0,0,0,1,0,0,0,0,3,1,1,0,1,1,1,0,0,1,1,0,0,0,1,2,2,1,3,0,1,0,3,2,1,0,1,0,0,0,0,3,0,0,4,0,1,1,1,2,2,2,1,2,0,0,4,1,0,1,1,1,0,2,5,29,125,232,271,297,340,316,352,360,337,348,337,327,302,292,243,257,255,241,194,168,158,134,111,89,54,19,1
0,0,0,0,0,1,0,0,1,1,0,0,1,0,1,0,2,0,2,0,1,3,0,2,0,0,0,0,1,2,2,5,0,2,1,3,4,2,3,1,0,0,1,0,3,0,4,4,0,3,1,0,1,1,1,1,3,1,3,3,3,2,5,32,152,253,294,322,357,368,345,328,341,287,282,295,293,247,282,231,219,195,190,174,146,123,86,62,58,31,3
0,0,0,0,0,0,0,0,0,0,0,0,1,0,1,1,1,3,0,0,2,0,1,0,1,2,0,1,0,0,2,0,2,0,1,2,0,0,1,3,1,1,0,1,2,2,5,1,1,5,2,1,1,2,1,1,0,2,3,1,0,0,8,41,142,243,274,279,299,320,348,322,325,309,346,311,334,293,248,242,246,206,160,173,137,138,99,77,51,22,5
0,0,0,0,1,1,1,0,1,0,1,0,0,0,0,1,1,0,0,0,3,0,1,1,0,1,1,1,1,2,0,1,1,0,2,0,0,4,2,1,0,0,1,3,1,1,1,0,0,1,1,2,1,2,1,0,0,0,2,0,2,0,2,59,161,222,261,273,303,309,301,298,325,305,313,285,323,270,244,226,208,199,180,181,134,127,90,83,51,23,4
0,0,0,0,0,0,0,0,0,0,2,0,0,1,2,0,0,0,0,0,0,1,1,2,0,1,2,0,0,1,2,1,1,1,1,0,2,1,0,1,0,1,2,1,0,1,0,2,0,0,1,1,1,0,1,0,1,2,3,5,3,4,6,58,139,226,232,267,288,290,275,304,287,303,254,276,266,247,248,251,196,192,163,178,134,103,82,73,38,22,4
0,0,0,0,1,0,0,0,0,1,1,0,1,1,0,0,3,1,0,3,2,1,1,0,1,0,1,0,0,0,1,1,0,1,1,1,1,1,1,0,0,0,2,1,0,1,0,1,0,2,2,2,0,2,1,3,2,2,1,2,0,1,6,57,156,197,209,269,265,291,264,277,255,286,260,237,257,239,214,236,188,203,159,175,121,104,90,81,43,19,1
0,0,0,0,0,0,0,0,0,0,0,0,0,0,1,0,0,1,0,2,0,0,2,0,1,2,0,0,0,1,1,0,0,0,1,1,1,2,1,1,2,2,0,1,2,0,0,1,2,0,0,0,1,2,1,0,1,2,0,0,0,0,8,56,115,176,212,217,232,261,255,221,260,240,229,199,220,191,196,190,176,172,164,151,106,87,86,56,44,23,3
0,0,0,0,0,0,0,0,0,0,0,0,1,0,0,0,1,1,1,0,0,0,1,0,1,0,1,0,0,0,0,0,0,1,0,1,1,0,2,1,0,0,0,0,0,2,0,1,1,2,0,2,1,0,2,3,4,1,1,1,2,0,6,43,139,162,187,186,216,207,237,224,223,219,215,181,202,204,188,182,155,140,126,147,114,77,71,49,37,19,3
0,0,0,0,0,0,0,0,0,0,0,0,0,0,1,0,0,0,0,0,0,1,1,1,0,0,0,0,0,0,0,0,0,0,0,1,2,0,1,1,1,1,0,0,0,0,2,3,0,2,1,0,1,2,0,0,2,1,0,0,0,1,10,54,104,158,160,175,194,230,198,193,201,239,161,185,163,179,142,149,162,109,137,121,110,83,79,57,37,20,2
0,0,0,0,0,0,0,0,1,0,0,0,0,0,1,4,1,1,2,1,0,1,1,0,0,1,1,0,0,1,1,0,1,2,0,1,2,1,1,0,1,0,0,0,0,0,1,0,0,1,1,0,2,0,1,0,1,0,1,1,3,1,8,48,109,120,130,137,167,172,183,186,180,200,143,176,183,163,140,132,133,108,111,100,100,78,51,46,34,7,3
0,1,0,1,0,0,0,0,1,0,1,0,1,0,0,0,0,0,1,0,1,1,2,0,1,1,3,0,0,0,1,1,1,0,1,0,1,1,3,0,0,0,1,1,3,0,1,0,0,1,1,0,1,0,0,0,0,0,2,0,0,1,10,40,83,127,136,140,147,139,151,131,154,137,137,155,120,131,118,126,100,119,94,92,78,76,48,43,30,14,2
0,0,1,0,0,0,0,0,0,0,0,0,0,1,0,0,0,1,1,1,0,0,0,1,0,0,0,1,0,0,3,1,0,2,0,1,0,3,0,0,1,1,1,0,0,1,0,1,2,0,0,0,0,1,0,0,0,0,0,1,0,1,8,37,83,115,106,114,131,135,135,139,140,138,134,144,122,109,125,96,119,80,80,78,88,62,44,35,30,12,1
0,0,0,0,0,0,0,0,0,0,0,1,0,0,0,0,0,1,0,0,0,1,0,0,1,0,0,0,0,0,0,0,1,1,0,1,1,1,1,1,0,0,1,0,1,1,0,0,0,2,1,1,0,1,0,0,0,1,0,0,1,0,12,35,60,84,106,120,88,117,105,104,113,126,122,114,104,109,96,87,90,82,65,80,56,51,34,29,21,11,0
0,0,0,0,0,0,0,0,0,0,0,0,1,0,1,0,1,0,1,0,0,1,1,1,0,0,0,2,0,0,0,0,1,2,0,0,0,1,2,0,0,0,0,0,0,0,0,2,1,0,1,0,0,0,0,0,1,0,1,0,0,0,12,29,63,65,97,106,92,113,96,104,94,116,89,102,83,87,89,81,89,67,74,53,54,48,48,32,15,8,1
0,0,0,0,0,0,0,0,0,0,1,0,0,0,0,1,0,0,0,0,1,0,0,0,0,0,0,0,0,0,1,0,1,0,1,0,1,1,0,1,1,0,1,1,0,0,0,1,0,0,0,0,0,0,0,0,0,0,1,1,0,0,5,29,48,80,78,72,83,85,90,90,77,87,85,86,63,82,67,78,76,60,64,50,46,46,36,23,10,5,0
0,0,0,0,0,0,0,0,0,0,2,1,0,1,0,0,0,0,0,0,0,0,0,1,0,0,0,0,0,1,0,0,0,0,0,0,0,0,1,1,1,0,0,0,1,0,0,0,2,1,0,0,0,0,0,0,0,0,0,0,3,0,5,24,46,51,62,67,79,90,82,91,78,74,82,69,68,71,56,60,57,60,53,41,39,30,19,21,18,7,0
0,0,0,1,0,0,0,0,0,0,0,0,0,0,0,0,0,0,0,0,0,0,0,0,1,1,0,0,0,1,0,0,0,0,0,0,0,0,0,0,0,1,0,0,0,0,2,0,2,0,0,1,0,0,0,0,0,0,1,0,0,0,4,32,40,46,50,60,62,60,64,80,73,65,67,65,66,75,66,47,39,47,42,52,45,32,24,20,12,6,1
0,0,0,0,0,0,0,0,1,0,0,0,0,0,0,0,0,0,0,0,0,0,0,0,0,0,0,0,0,0,0,0,0,0,0,0,0,0,0,0,0,0,0,0,0,0,0,0,0,0,0,1,0,0,0,0,0,0,0,0,0,1,5,21,42,34,49,42,56,56,50,75,66,60,49,62,48,57,42,45,32,43,48,28,31,24,26,10,11,6,1
0,0,0,0,0,0,0,0,0,0,0,0,0,0,0,0,0,0,0,1,0,0,0,1,0,0,0,0,1,0,0,0,0,0,0,0,0,0,0,0,0,0,0,0,0,0,0,0,0,1,1,1,0,0,0,0,0,1,0,0,1,1,5,17,23,29,44,49,42,44,56,54,53,44,43,63,51,62,41,39,43,41,36,26,20,18,15,13,10,6,1
0,0,0,0,0,0,0,0,0,0,0,0,0,0,1,0,0,0,1,0,0,0,0,0,1,0,0,0,0,1,0,0,0,0,0,0,0,1,1,0,0,0,0,0,1,0,0,0,0,0,0,0,1,0,0,0,0,0,2,0,0,0,2,20,28,40,34,40,33,30,47,44,48,38,46,33,28,38,34,35,42,26,35,39,26,17,13,15,11,3,0
0,0,0,0,0,0,0,0,0,0,0,0,0,1,0,0,0,0,0,0,0,0,0,0,0,0,0,0,0,0,0,0,0,1,0,1,0,0,0,0,0,0,0,0,0,1,0,0,0,0,1,0,0,0,1,0,0,0,0,0,0,0,5,9,15,22,32,29,40,46,34,37,40,40,38,34,38,47,31,32,33,28,24,18,20,12,23,16,13,3,2
0,0,0,0,0,0,1,0,0,0,0,0,0,0,0,0,0,0,0,0,1,0,0,0,0,0,0,0,0,0,0,0,0,0,0,0,0,0,0,0,0,0,0,0,0,0,0,0,1,0,3,0,0,0,0,0,0,0,0,0,0,0,5,7,32,19,29,33,31,32,31,31,24,28,26,30,20,36,25,23,25,19,19,19,13,6,12,13,3,2,0
0,0,0,0,0,0,0,0,0,0,0,0,0,0,0,0,0,0,0,0,0,0,0,0,0,0,0,0,0,0,0,0,0,1,0,1,0,0,0,0,0,0,1,0,0,1,0,0,0,0,0,0,0,0,0,0,0,0,0,0,0,0,1,8,11,18,24,21,32,28,29,28,26,29,36,26,27,25,23,18,19,20,18,25,19,9,9,9,5,6,0
0,0,0,0,0,0,0,0,0,0,0,0,0,0,0,0,0,0,0,0,0,1,0,0,0,1,0,0,0,0,0,0,0,0,1,0,0,0,1,0,0,0,0,0,0,0,0,0,0,0,1,0,0,0,0,0,0,0,0,0,0,1,1,6,17,17,23,22,24,18,25,20,44,23,23,32,16,18,19,26,13,17,12,19,13,6,4,4,2,4,0
0,0,0,0,0,0,0,0,0,0,0,0,0,0,0,0,0,0,0,1,0,0,0,0,1,0,0,0,0,0,0,0,0,0,0,1,0,0,0,0,0,0,0,0,0,0,0,0,0,0,0,0,0,0,0,0,0,0,0,1,0,0,2,10,12,12,12,22,15,20,16,22,18,21,15,20,14,27,16,16,12,6,19,15,8,6,10,5,4,1,1
0,0,0,0,0,0,0,0,0,0,0,0,0,0,0,0,0,0,0,0,0,0,0,0,0,0,0,0,1,0,0,1,0,0,0,0,1,1,0,0,0,0,0,0,0,0,2,1,1,0,0,1,1,0,0,0,0,0,0,0,0,0,3,5,16,8,13,16,14,11,14,17,20,29,14,19,22,9,24,12,14,11,16,14,5,9,7,5,4,2,0
0,0,0,0,0,0,0,0,0,0,0,0,0,0,0,0,0,0,0,0,0,0,0,0,0,0,0,0,0,0,0,0,0,0,0,0,0,0,0,0,0,1,0,0,0,0,0,1,0,0,0,0,1,0,0,0,0,0,0,0,0,0,1,2,11,13,9,18,16,15,13,12,13,18,13,12,17,10,10,9,10,11,11,10,4,6,2,2,2,0,0
0,0,0,0,0,0,0,0,0,0,0,0,0,0,0,0,0,0,0,0,0,0,0,0,0,0,0,0,0,0,0,0,0,0,1,0,0,0,0,0,0,0,0,0,0,0,0,0,0,0,0,1,0,0,0,0,0,0,0,0,0,0,1,3,6,9,3,11,6,10,9,13,6,17,8,11,9,2,12,7,14,11,7,2,6,3,3,4,2,3,1
0,0,0,0,0,0,0,0,0,0,0,0,0,0,0,0,0,0,0,0,0,0,0,0,0,0,0,0,0,0,0,0,0,0,1,0,0,0,0,0,0,0,0,0,0,0,0,0,0,0,0,0,0,0,0,0,0,1,0,0,0,0,2,4,5,6,12,5,12,5,13,10,7,11,12,8,6,7,6,11,9,7,11,5,8,4,3,4,0,1,0
0,0,0,0,0,0,0,0,0,0,1,0,0,0,1,0,0,0,0,0,0,0,0,0,0,0,0,0,0,0,0,0,0,0,0,0,0,0,0,0,1,0,0,0,1,0,0,0,0,0,0,0,0,0,0,0,0,0,0,0,0,0,2,4,7,6,4,7,9,14,8,4,5,11,6,10,2,8,6,11,7,10,0,6,2,7,5,2,4,1,0
0,0,0,0,0,0,0,0,0,0,0,0,0,0,0,0,0,0,0,0,0,0,0,0,0,0,0,0,0,0,0,0,0,0,0,0,0,0,0,0,0,0,0,0,0,0,0,0,0,0,0,0,0,0,0,0,0,0,0,0,0,1,2,4,3,11,7,5,8,7,8,8,9,5,8,6,4,3,3,4,5,6,9,2,1,2,2,5,1,0,0
0,0,0,0,0,0,0,0,0,0,0,0,0,0,0,0,0,0,0,0,0,0,0,0,0,0,0,0,0,1,0,0,0,0,0,0,0,0,0,0,0,0,0,0,0,0,0,0,0,0,0,0,0,0,0,0,0,0,0,0,0,0,1,7,1,3,3,2,4,11,7,6,5,8,6,3,8,4,6,5,5,2,3,2,3,2,2,4,0,1,1
0,0,0,0,0,0,0,0,0,0,0,0,0,0,0,0,0,0,0,0,0,0,0,0,0,0,0,0,0,0,0,0,0,0,0,0,0,0,0,0,0,0,0,0,0,0,0,0,0,0,0,0,0,0,0,0,0,0,0,0,0,0,0,0,5,5,3,4,5,6,10,8,8,8,5,3,4,1,2,6,4,1,4,2,3,3,0,0,1,0,0
0,0,0,0,0,0,0,0,0,0,0,0,0,0,0,0,0,0,0,0,1,0,0,0,0,0,0,0,0,1,0,0,0,0,0,0,0,0,0,0,0,0,0,0,0,0,0,0,0,0,0,0,0,0,0,0,0,0,0,0,0,0,1,3,4,4,2,4,10,4,2,7,4,7,4,9,4,6,3,7,4,5,6,5,1,1,0,0,0,0,0
0,0,0,0,0,0,0,0,0,0,0,0,0,0,0,0,0,0,0,0,0,1,0,0,0,0,0,0,0,0,1,0,0,0,0,0,0,0,0,0,0,0,0,0,0,0,0,0,0,0,0,0,0,0,0,0,0,0,0,0,0,0,0,0,2,3,4,5,3,2,3,3,1,3,6,2,3,3,5,2,3,2,1,2,4,1,3,0,2,0,0
0,0,0,0,0,0,0,0,0,0,0,0,0,0,0,0,0,0,0,0,0,0,0,0,0,0,0,0,0,0,0,0,0,0,0,0,0,0,0,0,0,0,0,0,0,0,0,0,0,0,0,0,0,0,0,0,0,0,0,0,0,1,0,2,1,5,3,1,1,3,6,3,7,5,3,0,4,4,1,4,1,0,3,2,3,0,0,0,1,1,0
0,0,0,0,0,0,0,0,0,0,0,0,0,0,0,0,0,0,0,0,0,0,0,0,0,0,0,0,0,0,0,0,0,0,0,0,0,0,0,0,0,0,0,0,0,0,0,0,0,0,0,0,0,0,0,0,0,0,0,0,0,0,0,0,1,3,4,1,0,2,4,3,1,3,3,0,0,0,3,3,1,1,2,1,0,2,0,2,0,1,0
0,0,0,0,0,0,0,0,0,0,0,0,0,0,0,0,0,0,0,0,0,0,0,0,0,0,0,0,0,0,0,0,0,0,0,0,0,0,0,0,0,0,0,0,0,0,0,0,0,0,0,0,0,0,0,0,0,0,0,0,0,0,0,0,2,2,1,2,0,0,1,2,2,3,2,0,0,1,1,2,4,1,1,0,1,0,1,0,1,0,0
0,0,0,0,0,0,0,0,0,0,0,0,0,0,0,0,0,0,0,0,0,0,0,0,0,0,0,0,0,0,0,0,0,0,0,0,0,0,0,0,0,0,1,0,0,0,0,0,0,0,0,0,0,0,0,0,0,0,0,0,0,0,0,2,2,1,3,3,2,3,2,4,3,4,1,2,3,0,3,3,1,2,0,1,3,1,1,1,0,0,0
0,0,0,0,0,0,0,0,0,0,0,0,0,0,0,0,0,0,0,0,0,0,0,0,0,0,0,0,0,0,0,0,0,0,0,1,0,0,0,0,0,0,0,0,0,0,0,0,0,0,0,0,0,0,0,0,0,0,0,0,0,0,0,1,0,1,1,3,1,1,3,1,3,0,3,4,1,2,2,0,2,0,1,1,0,1,0,0,0,0,0
0,0,0,0,0,0,0,0,0,0,0,0,0,0,0,0,0,0,0,0,0,0,0,0,0,0,0,0,0,0,0,0,0,0,0,0,0,0,0,0,0,0,0,0,0,0,0,0,0,0,0,0,0,0,0,0,0,0,0,0,0,0,0,1,1,0,2,0,3,0,4,3,0,3,0,3,0,3,0,2,3,0,1,1,0,1,1,0,0,1,0
0,0,0,0,0,0,0,0,0,0,0,0,0,0,0,0,0,0,0,0,0,0,0,0,1,0,0,0,0,0,0,0,0,0,0,0,0,0,0,0,0,0,0,0,0,0,0,0,0,0,0,0,0,0,0,0,0,0,0,0,0,0,0,0,1,0,0,0,3,1,3,0,2,1,0,2,3,2,0,1,1,0,0,2,3,0,1,0,0,0,0
0,0,0,0,0,0,0,0,0,0,0,0,0,0,0,0,0,0,0,0,0,0,0,0,0,0,0,0,0,0,0,0,0,0,0,0,0,0,0,0,0,0,0,0,0,0,0,0,0,0,0,0,0,0,0,0,0,0,0,0,0,0,0,1,1,1,2,0,0,0,0,1,1,1,0,4,1,1,1,2,2,1,1,0,1,2,0,0,0,0,0
0,0,0,0,0,0,0,0,0,0,0,0,0,0,0,0,0,0,0,0,0,0,0,0,0,0,1,0,0,0,0,0,0,1,0,0,0,0,0,0,0,0,0,0,0,0,0,0,0,0,0,0,0,0,0,0,0,0,0,0,0,0,0,0,1,1,1,1,0,2,0,2,1,2,0,1,0,1,0,0,0,0,2,1,0,0,0,1,1,0,0
0,0,0,0,0,0,0,0,0,0,0,0,0,0,0,0,0,0,0,0,0,0,0,0,0,0,0,0,0,0,0,0,0,0,0,0,0,0,0,0,0,0,0,0,0,0,0,0,0,0,0,0,0,0,0,0,0,0,0,0,0,0,0,0,0,1,1,2,1,0,0,0,2,1,2,0,1,2,1,1,0,1,0,0,0,0,0,0,0,0,0
0,0,0,0,0,0,0,0,0,0,0,0,0,0,0,0,0,0,0,0,0,0,0,0,0,0,0,0,0,0,0,0,0,0,0,0,0,0,0,0,0,0,0,0,0,0,0,0,0,0,0,0,0,0,0,0,0,0,0,0,0,0,0,0,1,0,0,0,0,1,0,2,0,3,2,0,1,1,0,0,1,0,1,0,0,0,0,0,0,0,0
0,0,0,0,0,0,0,0,0,0,0,0,0,0,0,0,0,0,0,0,0,0,0,0,0,0,0,0,0,0,0,0,0,0,0,0,0,0,0,0,0,0,0,0,0,0,0,0,0,0,0,0,0,0,0,0,0,1,0,0,0,0,0,0,0,0,1,2,0,0,0,0,0,0,0,0,0,1,0,0,1,0,0,1,0,0,0,0,0,0,0
0,0,0,0,0,0,0,0,0,0,0,0,0,0,0,0,0,0,0,0,0,0,0,0,0,0,0,0,0,0,0,0,0,0,0,0,0,0,0,0,0,0,0,0,0,0,0,0,0,0,0,0,0,0,0,0,0,0,0,0,0,0,0,0,1,1,0,1,1,2,0,0,1,0,2,0,0,0,0,0,0,1,0,0,1,0,0,0,1,0,0
0,0,0,0,0,0,0,0,0,0,0,0,0,0,0,0,0,0,0,0,0,0,0,0,0,0,0,0,0,0,0,0,0,0,0,0,0,0,0,0,0,0,0,0,0,0,0,0,0,0,0,0,0,0,0,0,0,0,0,0,0,0,0,0,0,1,0,0,1,1,0,0,0,1,0,1,0,0,1,1,1,0,0,2,0,0,0,0,0,0,0
0,0,0,0,0,0,0,0,0,0,0,0,0,0,0,0,0,0,0,0,0,0,0,0,0,0,0,0,0,0,0,0,0,0,0,0,0,0,0,0,0,0,0,0,0,0,0,0,0,0,0,0,0,0,0,0,0,0,0,0,0,0,0,1,0,0,0,1,0,1,0,0,1,0,0,0,0,0,0,0,0,1,0,0,0,0,1,0,0,0,0
0,0,0,0,0,0,0,0,0,0,0,0,0,0,0,0,0,0,0,0,0,0,0,0,0,0,0,0,0,0,0,0,0,0,0,0,0,0,0,0,0,0,0,0,0,0,0,0,0,0,0,0,0,0,0,0,0,0,0,0,0,0,0,0,0,0,0,0,0,2,0,0,0,1,0,0,0,0,0,0,0,0,1,0,0,0,0,0,0,0,0
0,0,0,0,0,0,0,0,0,0,0,0,0,0,0,0,0,0,0,0,0,0,0,0,0,0,0,0,0,0,0,0,0,0,0,0,0,0,0,0,0,0,0,0,0,0,0,0,0,0,0,0,0,0,0,0,0,0,0,0,0,0,0,0,0,1,1,0,0,0,0,0,1,0,0,1,0,0,0,0,0,0,0,0,0,0,0,0,0,0,0
0,0,0,0,0,0,0,0,0,0,0,0,0,0,0,0,0,0,0,0,0,0,0,0,0,0,0,0,0,0,0,0,0,0,0,0,0,0,0,0,0,0,0,0,0,0,0,0,0,0,0,0,0,0,0,0,0,0,0,0,0,1,0,0,0,0,1,0,0,0,0,0,0,0,0,1,0,1,0,0,0,0,0,0,0,0,0,0,0,0,0
0,0,0,0,0,0,0,0,0,0,0,0,0,0,0,0,0,0,0,0,0,0,0,0,0,0,0,0,0,0,0,0,0,0,0,0,0,0,0,0,0,0,0,0,0,0,0,0,0,0,0,0,0,0,0,0,0,0,0,0,0,0,0,0,0,0,1,1,0,0,1,0,0,0,0,0,0,2,0,0,0,0,0,0,0,0,0,0,0,0,0
0,0,0,0,0,0,0,0,0,0,0,0,0,0,0,0,0,0,0,0,0,0,0,0,0,0,0,0,0,0,0,0,0,0,0,0,0,0,0,0,0,0,0,0,0,0,0,0,0,0,0,0,0,0,0,0,0,0,0,0,0,0,0,0,0,0,0,0,0,0,0,0,0,0,0,0,0,0,0,0,0,2,0,0,0,0,1,0,0,1,0
0,0,0,0,0,0,0,0,0,0,0,0,0,0,0,0,0,0,0,0,0,0,0,0,0,0,0,0,0,0,0,0,0,0,0,0,0,0,0,0,0,0,0,0,0,0,0,0,0,0,0,0,0,0,0,0,0,0,0,0,0,0,0,0,1,0,0,0,0,0,0,0,0,0,0,0,0,0,0,0,1,0,0,0,0,0,0,0,0,0,0
0,0,0,0,0,0,0,0,0,0,0,0,0,0,0,0,0,0,0,0,0,0,0,0,0,0,0,0,0,0,0,0,0,0,0,0,0,0,0,0,0,0,0,0,0,0,0,0,0,0,0,0,0,0,0,0,0,0,0,0,0,0,0,0,0,0,0,0,0,0,0,0,0,0,0,1,0,1,0,0,0,0,0,0,0,0,0,0,0,0,0
0,0,0,0,0,0,0,0,0,0,0,0,0,0,0,0,0,0,0,0,0,0,0,0,0,0,0,0,0,0,0,0,0,0,0,0,0,0,0,0,0,0,0,0,0,0,0,0,0,0,0,0,0,0,0,0,0,0,0,0,0,0,0,0,0,0,0,0,0,0,0,0,0,1,0,0,0,0,0,0,0,0,0,0,0,0,0,0,0,0,0
0,0,0,0,0,0,0,0,0,0,0,0,0,0,0,0,0,0,0,0,0,0,0,0,0,0,0,0,0,0,0,0,0,0,0,0,0,0,0,0,0,0,0,0,0,0,0,0,0,0,0,0,0,0,0,0,0,0,0,0,0,0,0,0,0,0,0,0,0,0,0,0,0,0,0,0,0,0,1,0,0,0,0,0,0,0,0,0,0,0,0
0,0,0,0,0,0,0,0,0,0,0,0,0,0,0,0,0,0,0,0,0,0,0,0,0,0,0,0,0,0,0,0,0,0,0,0,0,0,0,0,0,0,0,0,0,0,0,0,0,0,0,0,0,0,0,0,0,0,0,0,0,0,0,0,0,0,0,0,0,0,0,0,0,0,0,0,0,0,0,0,0,0,0,0,0,0,0,0,0,0,0
0,0,0,0,0,0,0,0,0,0,0,0,0,0,0,0,0,0,0,0,0,0,0,0,0,0,0,0,0,0,0,0,0,0,0,0,0,0,0,0,0,0,0,0,0,0,0,0,0,0,0,0,0,0,0,0,0,0,0,0,0,0,0,0,0,0,0,0,1,0,0,0,0,0,0,0,0,0,0,0,0,0,0,0,0,0,0,0,0,0,0
0,0,0,0,0,0,0,0,0,0,0,0,0,0,0,0,0,0,0,0,0,0,0,0,0,0,0,0,0,0,0,0,0,0,0,0,0,0,0,0,0,0,0,0,0,0,0,0,0,0,0,0,0,0,0,0,0,0,0,0,0,0,0,0,0,0,0,0,0,0,0,0,0,0,0,0,0,0,0,0,0,0,1,0,0,0,0,0,0,0,0
0,0,0,0,0,0,0,0,0,0,0,0,0,0,0,0,0,0,0,0,0,0,0,0,0,0,0,0,0,0,0,0,0,0,0,0,0,0,0,0,0,0,0,0,0,0,0,0,0,0,0,0,0,0,0,0,0,0,0,0,0,0,0,0,0,0,1,0,0,0,0,1,0,0,0,0,0,0,1,1,0,0,0,0,0,0,0,0,0,0,0
0,0,0,0,0,0,0,0,0,0,0,0,0,0,0,0,0,0,0,0,0,0,0,0,0,0,0,0,0,0,0,0,0,0,0,0,0,0,0,0,0,0,0,0,0,0,0,0,0,0,0,0,0,0,0,0,0,0,0,0,0,0,0,0,0,0,0,0,0,0,0,0,0,0,0,0,0,0,0,0,0,0,0,0,0,0,0,0,0,0,0
0,0,0,0,0,0,0,0,0,0,0,0,0,0,0,0,0,0,0,0,0,0,0,0,0,0,0,0,0,0,0,0,0,0,0,0,0,0,0,0,0,0,0,0,0,0,0,0,0,0,0,0,0,0,0,0,0,0,0,0,0,0,0,0,0,0,0,0,0,0,0,0,0,0,0,0,0,0,0,0,0,0,0,0,0,0,0,0,0,0,0
0,0,0,0,0,0,0,0,0,0,0,0,0,0,0,0,0,0,0,0,0,0,0,0,0,0,0,0,0,0,0,0,0,0,0,0,0,0,0,0,0,0,0,0,0,0,0,0,0,0,0,0,0,0,0,0,0,0,0,0,0,0,0,0,0,0,0,0,0,0,0,0,1,0,0,0,0,0,0,0,0,0,0,0,0,0,0,0,0,0,0
0,0,0,0,0,0,0,0,0,0,0,0,0,0,0,0,0,0,0,0,0,0,0,0,0,0,0,0,0,0,0,0,0,0,0,0,0,0,0,0,0,0,0,0,0,0,0,0,0,0,0,0,0,0,0,0,0,0,0,0,0,0,0,0,0,0,0,0,0,0,0,0,0,0,0,0,0,0,0,0,0,0,0,0,0,0,0,0,0,0,0
0,0,0,0,0,0,0,0,0,0,0,0,0,0,0,0,0,0,0,0,0,0,0,0,0,0,0,0,0,0,0,0,0,0,0,0,0,0,0,0,0,0,0,0,0,0,0,0,0,0,0,0,0,0,0,0,0,0,0,0,0,0,0,0,0,0,0,0,0,0,0,0,0,0,0,0,0,0,0,0,0,0,0,0,0,0,0,0,0,0,0
0,0,0,0,0,0,0,0,0,0,0,0,0,0,0,0,0,0,0,0,0,0,0,0,0,0,0,0,0,0,0,0,0,0,0,0,0,0,0,0,0,0,0,0,0,0,0,0,0,0,0,0,0,0,0,0,0,0,0,0,0,0,0,0,0,0,0,0,0,0,0,0,0,0,0,0,0,0,0,0,0,0,0,0,0,0,0,0,0,0,0
0,0,0,0,0,0,0,0,0,0,0,0,0,0,0,0,0,0,0,0,0,0,0,0,0,0,0,0,0,0,0,0,0,0,0,0,0,0,0,0,0,0,0,0,0,0,0,0,0,0,0,0,0,0,0,0,0,0,0,0,0,0,0,0,0,0,0,0,0,0,0,0,0,0,0,0,0,0,0,0,0,0,0,0,0,0,0,0,0,0,0
0,0,0,0,0,0,0,0,0,0,0,0,0,0,0,0,0,0,0,0,0,0,0,0,0,0,0,0,0,0,0,0,0,0,0,0,0,0,0,0,0,0,0,0,0,0,0,0,0,0,0,0,0,0,0,0,0,0,0,0,0,0,0,0,0,0,0,0,0,0,0,0,0,0,0,0,0,0,0,0,0,0,0,0,0,0,0,0,0,0,0
0,0,0,0,0,0,0,0,0,0,0,0,0,0,0,0,0,0,0,0,0,0,0,0,0,0,0,0,0,0,0,0,0,0,0,0,0,0,0,0,0,0,0,0,0,0,0,0,0,0,0,0,0,0,0,0,0,0,0,0,0,0,0,0,0,0,0,0,0,0,0,0,0,0,0,0,0,0,0,0,0,0,0,0,0,0,0,0,0,0,0
0,0,0,0,0,0,0,0,0,0,0,0,0,0,0,0,0,0,0,0,0,0,0,0,0,0,0,0,0,0,0,0,0,0,0,0,0,0,0,0,0,0,0,0,0,0,0,0,0,0,0,0,0,0,0,0,0,0,0,0,0,0,0,0,0,0,0,0,0,0,0,0,0,0,0,0,0,0,0,0,0,0,0,0,0,0,0,0,0,0,0
0,0,0,0,0,0,0,0,0,0,0,0,0,0,0,0,0,0,0,0,0,0,0,0,0,0,0,0,0,0,0,0,0,0,0,0,0,0,0,0,0,0,0,0,0,0,0,0,0,0,0,0,0,0,0,0,0,0,0,0,0,0,0,0,0,0,0,0,0,0,0,0,0,0,0,0,0,0,0,0,0,0,0,0,0,0,0,0,0,0,0
0,0,0,0,0,0,0,0,0,0,0,0,0,0,0,0,0,0,0,0,0,0,0,0,0,0,0,0,0,0,0,0,0,0,0,0,0,0,0,0,0,0,0,0,0,0,0,0,0,0,0,0,0,0,0,0,0,0,0,0,0,0,0,0,0,0,0,0,0,0,0,0,0,0,0,0,0,0,1,0,0,0,0,0,0,0,0,0,0,0,0
0,0,0,0,0,0,0,0,0,0,0,0,0,0,0,0,0,0,0,0,0,0,0,0,0,0,0,0,0,0,0,0,0,0,0,0,0,0,0,0,0,0,0,0,0,0,0,0,0,0,0,0,0,0,0,0,0,0,0,0,0,0,0,0,0,0,0,0,0,0,0,0,0,0,0,0,0,0,0,0,0,0,0,0,0,0,0,0,0,0,0
0,0,0,0,0,0,0,0,0,0,0,0,0,0,0,0,0,0,0,0,0,0,0,0,0,0,0,0,0,0,0,0,0,0,0,0,0,0,0,0,0,0,0,0,0,0,0,0,0,0,0,0,0,0,0,0,0,0,0,0,0,0,0,0,0,0,0,0,0,0,0,0,0,0,0,0,0,0,0,0,0,0,0,0,0,0,0,0,0,0,0
0,0,0,0,0,0,0,0,0,0,0,0,0,0,0,0,0,0,0,0,0,0,0,0,0,0,0,0,0,0,0,0,0,0,0,0,0,0,0,0,0,0,0,0,0,0,0,0,0,0,0,0,0,0,0,0,0,0,0,0,0,0,0,0,0,0,0,0,0,0,0,0,0,0,0,0,0,0,0,0,0,0,0,0,0,0,0,0,0,0,0
0,0,0,0,0,0,0,0,0,0,0,0,0,0,0,0,0,0,0,0,0,0,0,0,0,0,0,0,0,0,0,0,0,0,0,0,0,0,0,0,0,0,0,0,0,0,0,0,0,0,0,0,0,0,0,0,0,0,0,0,0,0,0,0,0,0,0,0,0,0,0,0,0,0,0,0,0,0,0,0,0,0,0,0,0,0,0,0,0,0,0
0,0,0,0,0,0,0,0,0,0,0,0,0,0,0,0,0,0,0,0,0,0,0,0,0,0,0,0,0,0,0,0,0,0,0,0,0,0,0,0,0,0,0,0,0,0,0,0,0,0,0,0,0,0,0,0,0,0,0,0,0,0,0,0,0,0,0,0,0,0,0,0,0,0,0,0,0,0,0,0,0,0,0,0,0,0,0,0,0,0,0
0,0,0,0,0,0,0,0,0,0,0,0,0,0,0,0,0,0,0,0,0,0,0,0,0,0,0,0,0,0,0,0,0,0,0,0,0,0,0,0,0,0,0,0,0,0,0,0,0,0,0,0,0,0,0,0,0,0,0,0,0,0,0,0,0,0,0,0,0,0,0,0,0,0,0,0,0,0,0,0,0,0,0,0,0,0,0,0,0,0,0
0,0,0,0,0,0,0,0,0,0,0,0,0,0,0,0,0,0,0,0,0,0,0,0,0,0,0,0,0,0,0,0,0,0,0,0,0,0,0,0,0,0,0,0,0,0,0,0,0,0,0,0,0,0,0,0,0,0,0,0,0,0,0,0,0,0,0,0,0,0,0,0,0,0,0,0,0,0,0,0,0,0,0,0,0,0,0,0,0,0,0
0,0,0,0,0,0,0,0,0,0,0,0,0,0,0,0,0,0,0,0,0,0,0,0,0,0,0,0,0,0,0,0,0,0,0,0,0,0,0,0,0,0,0,0,0,0,0,0,0,0,0,0,0,0,0,0,0,0,0,0,0,0,0,0,0,0,0,0,0,0,0,1,0,0,0,0,0,0,0,0,0,0,0,0,0,0,0,0,0,0,0
