-0.001801 -0.001991 -0.003059 4049.465878 37.652524 -3134.753269 5.000000
-0.000174 -0.003034 -0.000208 3494.969056 880.661799 -691.882608 2.000000
-0.003848 -0.005022 -0.006649 4143.465680 1847.348100 -3551.376170 4.000000
-0.001818 -0.004532 -0.003089 3100.163483 2209.847784 -1849.665410 4.000000
-0.000444 -0.001825 -0.000715 2886.652555 4068.705886 -2216.059571 4.000000
-0.000272 -0.001987 -0.000380 1964.636535 3657.702963 -1318.663403 4.000000
0.000193 -0.006031 0.000407 3744.402661 1478.736329 -356.689841 3.000000
-0.001097 -0.002338 -0.001809 3004.091075 2198.699663 -1278.138840 4.000000
-0.000075 -0.003330 -0.000103 4988.978762 962.306311 -886.075905 4.000000
-0.000082 -0.002136 -0.000073 3938.549372 2731.019378 -924.232755 5.000000
-0.000642 -0.002963 -0.000999 2662.418417 3724.018976 -1368.941004 4.000000
-0.006207 -0.001190 -0.010669 297.536870 2381.932440 -5714.563094 4.000000
-0.000707 -0.002188 -0.001218 4747.601777 3154.699278 -2973.955614 4.000000
-0.000254 -0.002771 -0.000355 3333.528303 2198.062279 -658.156400 4.000000
-0.003355 -0.002685 -0.005733 2717.848816 425.594082 -3407.060329 5.000000
-0.000087 -0.001509 -0.000076 2864.043954 3309.256157 -1706.848408 4.000000
-0.000273 -0.005144 -0.000449 3859.886197 2385.658933 -1592.709280 4.000000
-0.000482 -0.002325 -0.000794 3285.842906 3015.805419 -1736.691865 5.000000
-0.002321 -0.004386 -0.003932 1918.136262 3121.780974 -3455.648019 4.000000
-0.001763 -0.004050 -0.002969 4291.908875 -583.527435 -2043.097497 4.000000
-0.000280 -0.002722 -0.000401 3628.726392 1289.181581 -1346.492236 4.000000
-0.002649 -0.006091 -0.004543 4176.259739 1658.329599 -2253.069974 3.000000
-0.001141 -0.003439 -0.001889 2413.061629 3312.771364 -1358.799523 2.000000
-0.000052 -0.001879 -0.000047 3407.062715 3399.347140 -2004.119879 4.000000
-0.001421 -0.004812 -0.002377 2106.566015 3294.759718 -1698.875409 3.000000
-0.001898 -0.002213 -0.003247 3186.431737 4379.542903 -2546.106954 4.000000
0.000010 -0.006141 0.000029 4452.065958 668.261295 -878.322036 4.000000
-0.002781 -0.005004 -0.004724 2617.097066 296.374974 -2591.228544 4.000000
-0.002686 -0.005766 -0.004564 3863.145117 -570.413738 -2664.085755 4.000000
-0.002173 -0.002695 -0.003697 3333.158733 1345.179568 -2486.014203 4.000000
-0.000597 -0.002206 -0.001011 3589.396342 2662.267056 -3375.722374 5.000000
-0.000110 -0.003010 -0.000116 3508.854405 1023.454431 -727.258160 4.000000
-0.000863 -0.001694 -0.001385 1703.932404 2718.470148 -2084.380703 5.000000
-0.002028 -0.003116 -0.003503 4753.143351 2500.406369 -2484.664915 5.000000
-0.000458 -0.005045 -0.000697 3209.798921 1997.195563 -823.373728 4.000000
-0.002178 -0.004088 -0.003767 5220.311388 1523.046892 -2372.282303 4.000000
-0.001379 -0.004289 -0.002349 2943.209850 3351.876145 -2833.618326 4.000000
-0.000232 -0.005243 -0.000370 3812.535997 3294.316300 -1318.194496 3.000000
-0.000652 -0.003839 -0.001087 3645.186363 2306.107502 -2209.227815 4.000000
-0.000161 -0.003010 -0.000199 3577.206983 1246.924585 -818.721100 4.000000
-0.002930 -0.004682 -0.004981 3158.830315 3467.524535 -2978.218954 4.000000
0.000014 -0.003808 0.000029 4224.948970 3508.343435 -1804.889730 4.000000
-0.000569 -0.003493 -0.000907 2531.929592 3586.803506 -1429.780797 5.000000
-0.005184 -0.002630 -0.008854 4422.325802 -1722.671505 -3251.429660 4.000000
-0.002183 -0.002096 -0.003755 3722.265481 2498.999700 -2713.357511 6.000000
-0.001331 -0.002333 -0.002271 3128.460456 2142.303635 -2879.354476 4.000000
-0.000911 -0.002539 -0.001481 2244.997430 3317.481015 -1719.627903 5.000000
-0.002586 -0.002670 -0.004457 4226.276179 2810.543321 -3482.129752 4.000000
-0.002425 -0.002247 -0.004153 4095.359449 867.113882 -3425.743978 5.000000
-0.000661 -0.004526 -0.001136 4445.677764 3176.252056 -1961.269077 2.000000
-0.001914 -0.003271 -0.003259 3665.146352 1764.436091 -2449.847526 4.000000
-0.005387 -0.003301 -0.009226 3572.307708 1956.583610 -3293.318819 4.000000
-0.001131 -0.003676 -0.001923 3713.220066 2710.753978 -2431.875070 3.000000
-0.000262 -0.003116 -0.000423 4368.986760 1489.849659 -1154.989444 4.000000
-0.000335 -0.002371 -0.000557 3657.236932 3087.588858 -1933.775097 3.000000
-0.000123 -0.002886 -0.000204 4725.717541 1728.841923 -1339.854479 4.000000
-0.002532 -0.003247 -0.004347 4123.948497 436.678126 -1916.992923 4.000000
-0.000976 -0.002544 -0.001615 3864.308326 2603.964274 -1325.623003 4.000000
0.000168 -0.006094 0.000321 4107.011965 893.213081 -414.222470 5.000000
-0.004140 -0.002142 -0.007080 3453.640683 -631.827317 -2991.945183 4.000000
-0.000682 -0.003300 -0.001174 5401.119416 2515.211025 -2447.264651 5.000000
-0.000074 -0.002810 -0.000070 3758.896529 1596.886328 -959.652291 4.000000
-0.000541 -0.002764 -0.000915 3525.032511 3890.999502 -2025.625883 4.000000
-0.000257 -0.002700 -0.000419 4511.833138 937.105923 -1087.166267 4.000000
-0.000393 -0.003785 -0.000616 2524.424838 2919.953663 -1487.660505 4.000000
-0.002390 -0.002783 -0.004096 4027.971533 -1018.851223 -3035.170776 4.000000
-0.002193 -0.002939 -0.003765 3693.372479 3848.402160 -2770.330102 4.000000
-0.002505 -0.003683 -0.004322 4534.712676 -34.034536 -3813.773801 4.000000
0.000131 -0.005953 0.000233 4527.871442 585.177499 -728.598853 3.000000
-0.000139 -0.002039 -0.000238 4544.627075 2880.039506 -2356.784542 4.000000
-0.000446 -0.004549 -0.000728 2980.201947 3173.536834 -1882.720107 4.000000
-0.000162 -0.003163 -0.000190 3395.718005 1597.461330 -664.159333 4.000000
-0.007878 -0.002223 -0.013043 1511.603053 -2635.638687 -3141.303255 3.000000
-0.000576 -0.003125 -0.000902 2978.683984 2695.602343 -1219.070818 4.000000
0.000139 -0.003199 0.000275 4704.880743 1785.718277 -637.237556 4.000000
-0.001174 -0.003499 -0.002019 4672.353431 1745.149866 -2327.256296 4.000000
-0.001273 -0.004453 -0.002186 5454.526343 1419.767509 -2258.790756 5.000000
-0.003909 -0.003292 -0.006741 5434.401974 775.100891 -2793.541394 5.000000
-0.000244 -0.002760 -0.000338 3319.337617 1277.070914 -723.679399 4.000000
-0.002233 -0.002850 -0.003781 3304.764806 -212.093684 -2149.324468 4.000000
-0.002100 -0.005349 -0.003570 3854.319352 596.519974 -2123.978990 4.000000
-0.001628 -0.003043 -0.002809 5499.534165 1899.368918 -2641.741613 3.000000
-0.000116 -0.002914 -0.000118 3550.200006 1376.927536 -655.202816 3.000000
-0.001891 -0.002941 -0.003189 3468.685708 1829.157448 -2382.855991 5.000000
-0.002155 -0.002585 -0.003625 2224.517768 2858.417868 -2387.863380 5.000000
-0.000115 -0.002620 -0.000197 4424.026859 2398.831360 -1794.791014 5.000000
-0.000103 -0.002618 -0.000131 3206.396108 2998.398375 -1456.225652 4.000000
-0.002364 -0.001868 -0.004007 1938.839181 3959.997469 -2406.167242 3.000000
-0.000725 -0.003103 -0.001222 4214.130018 2365.070749 -1414.612979 4.000000
0.000103 -0.006037 0.000232 4035.154967 217.161973 -168.331132 2.000000
-0.000029 -0.005036 0.000023 2803.840987 2188.219446 -523.452813 4.000000
-0.001035 -0.004668 -0.001769 3873.040751 2995.885139 -2344.587474 4.000000
-0.000454 -0.003591 -0.000735 3170.169003 3064.960682 -1370.193788 3.000000
-0.000819 -0.001890 -0.001350 3977.094727 761.569271 -1620.452129 4.000000
-0.003776 -0.001985 -0.006456 3447.376976 2134.059034 -2223.636655 5.000000
-0.000014 -0.003099 -0.000019 4523.804742 2334.548082 -1701.906250 4.000000
-0.001872 -0.004126 -0.003143 2197.482139 3547.870124 -1709.562488 4.000000
-0.000459 -0.003162 -0.000726 3306.907903 2839.415394 -1022.861803 4.000000
-0.002045 -0.002686 -0.003510 4302.755513 1050.302452 -1912.707898 4.000000
-0.000164 -0.006315 -0.000254 4171.375633 31.685797 -615.998715 3.000000
