[ 5.169955 , -4.422323 ], 
[ 5.184028 , -4.427447 ], 
[ 5.206329 , -4.419402 ], 
[ 5.194420 , -4.374949 ], 
[ 5.195699 , -4.350570 ], 
[ 5.228492 , -4.303952 ], 
[ 5.265335 , -4.267113 ], 
[ 5.337581 , -4.339383 ], 
[ 5.409827 , -4.411653 ], 
[ 5.482074 , -4.483923 ], 
[ 5.554320 , -4.556193 ], 
[ 5.554297 , -4.437081 ], 
[ 5.554274 , -4.317968 ], 
[ 5.554252 , -4.198856 ], 
[ 5.554229 , -4.079744 ], 
[ 5.564249 , -3.999496 ], 
[ 5.570675 , -3.807568 ], 
[ 5.597933 , -3.691113 ], 
[ 5.645669 , -3.581450 ], 
[ 5.712332 , -3.482148 ], 
[ 5.795751 , -3.396438 ], 
[ 5.893213 , -3.327110 ], 
[ 6.001544 , -3.276419 ], 
[ 6.117221 , -3.246016 ], 
[ 6.236477 , -3.236889 ], 
[ 6.258104 , -3.051326 ], 
[ 6.459683 , -2.895151 ], 
[ 6.661263 , -2.738976 ], 
[ 6.862842 , -2.582800 ], 
[ 7.064422 , -2.426625 ], 
[ 7.266001 , -2.270450 ], 
[ 7.574684 , -1.813981 ], 
[ 7.883366 , -1.357512 ], 
[ 8.089157 , -0.893408 ], 
[ 8.294948 , -0.429304 ], 
[ 8.339600 , 0.091848 ], 
[ 8.384253 , 0.613000 ], 
[ 8.321409 , 1.141500 ], 
[ 8.258566 , 1.670000 ], 
[ 8.078515 , 2.056471 ], 
[ 7.898464 , 2.442942 ], 
[ 7.648541 , 2.800791 ], 
[ 7.398618 , 3.158639 ], 
[ 6.990966 , 3.514115 ], 
[ 6.583314 , 3.869591 ], 
[ 6.374053 , 4.030695 ], 
[ 6.164792 , 4.191800 ], 
[ 5.955531 , 4.352904 ], 
[ 5.746270 , 4.514009 ], 
[ 5.467977 , 4.573757 ], 
[ 5.189685 , 4.633504 ], 
[ 4.911392 , 4.693252 ], 
[ 4.616414 , 4.507094 ], 
[ 4.321435 , 4.320936 ], 
[ 4.223745 , 4.076624 ], 
[ 4.126055 , 3.832312 ], 
[ 4.028365 , 3.588000 ], 
[ 4.031274 , 3.331750 ], 
[ 4.034182 , 3.075501 ], 
[ 4.037091 , 2.819251 ], 
[ 4.040000 , 2.563001 ], 
[ 4.040000 , 2.055501 ], 
[ 4.040000 , 1.548000 ], 
[ 4.040000 , 1.040500 ], 
[ 4.040000 , 0.533000 ], 
[ 4.040000 , 0.025500 ], 
[ 4.040000 , -0.482000 ], 
[ 4.040000 , -0.989500 ], 
[ 4.040000 , -1.497000 ], 
[ 4.040000 , -1.750750 ], 
[ 4.040000 , -2.004500 ], 
[ 4.040000 , -2.258250 ], 
[ 4.040000 , -2.512000 ], 
[ 4.023152 , -2.544839 ], 
[ 4.127460 , -2.560783 ], 
[ 4.226329 , -2.597651 ], 
[ 4.315609 , -2.653897 ], 
[ 4.391551 , -2.727158 ], 
[ 4.450967 , -2.814358 ], 
[ 4.491363 , -2.911838 ], 
[ 4.511044 , -3.015505 ], 
[ 4.509182 , -3.121008 ], 
[ 4.485857 , -3.223916 ], 
[ 4.400734 , -3.408393 ], 
[ 4.365613 , -3.503002 ], 
[ 4.318488 , -3.599493 ], 
[ 4.271363 , -3.695984 ], 
[ 4.224238 , -3.792475 ], 
[ 4.177112 , -3.888966 ], 
[ 4.279928 , -3.897045 ], 
[ 4.382743 , -3.905125 ], 
[ 4.485559 , -3.913204 ], 
[ 4.480887 , -3.972520 ], 
[ 4.455767 , -4.041026 ], 
[ 4.392038 , -4.050752 ], 
[ 4.397324 , -4.109137 ], 
[ 4.810612 , -3.901243 ], 
[ 4.821984 , -3.872164 ], 
[ 4.774604 , -3.853221 ], 
[ 4.723238 , -3.860768 ], 
[ 4.694406 , -3.851675 ], 
[ 4.658309 , -3.795313 ], 
[ 4.639165 , -3.750207 ], 
[ 4.751644 , -3.718427 ], 
[ 4.852810 , -3.714352 ], 
[ 4.952459 , -3.732269 ], 
[ 5.045869 , -3.771329 ], 
[ 5.128609 , -3.829680 ], 
[ 5.196759 , -3.904556 ], 
[ 5.245648 , -3.989141 ], 
[ 5.200883 , -4.009068 ], 
[ 5.149037 , -4.024054 ], 
[ 5.118980 , -4.020810 ], 
[ 5.085565 , -3.979532 ], 
[ 5.028649 , -3.953449 ], 
[ 5.017160 , -3.982617 ], 
