Energy   Angle   Roughness   Sputtering Yield
10 25 50 100 200 400 600 800 
0 10 20 30 40 50 60 70 80 89.9 
1.0
10.0 0.0 1.0    0.00000E+00 
10.0 10.0 1.0    0.00000E+00 
10.0 20.0 1.0    0.00000E+00 
10.0 30.0 1.0    0.00000E+00 
10.0 40.0 1.0    0.00000E+00 
10.0 50.0 1.0    0.00000E+00 
10.0 60.0 1.0    0.00000E+00 
10.0 70.0 1.0    0.00000E+00 
10.0 80.0 1.0    0.00000E+00 
10.0 89.9 1.0    0.00000E+00 
25.0 0.0 1.0    0.00000E+00 
25.0 10.0 1.0    0.00000E+00 
25.0 20.0 1.0    0.00000E+00 
25.0 30.0 1.0    0.00000E+00 
25.0 40.0 1.0    0.00000E+00 
25.0 50.0 1.0    0.00000E+00 
25.0 60.0 1.0    0.00000E+00 
25.0 70.0 1.0    0.20000E-04 
25.0 80.0 1.0    0.00000E+00 
25.0 89.9 1.0    0.00000E+00 
50.0 0.0 1.0    0.00000E+00 
50.0 10.0 1.0    0.20000E-04 
50.0 20.0 1.0    0.60000E-04 
50.0 30.0 1.0    0.35000E-03 
50.0 40.0 1.0    0.21100E-02 
50.0 50.0 1.0    0.66200E-02 
50.0 60.0 1.0    0.12030E-01 
50.0 70.0 1.0    0.10850E-01 
50.0 80.0 1.0    0.84000E-03 
50.0 89.9 1.0    0.00000E+00 
100.0 0.0 1.0    0.27200E-02 
100.0 10.0 1.0    0.45700E-02 
100.0 20.0 1.0    0.14040E-01 
100.0 30.0 1.0    0.34490E-01 
100.0 40.0 1.0    0.70840E-01 
100.0 50.0 1.0    0.11192E+00 
100.0 60.0 1.0    0.13019E+00 
100.0 70.0 1.0    0.95370E-01 
100.0 80.0 1.0    0.14720E-01 
100.0 89.9 1.0    0.00000E+00 
200.0 0.0 1.0    0.61290E-01 
200.0 10.0 1.0    0.80840E-01 
200.0 20.0 1.0    0.13280E+00 
200.0 30.0 1.0    0.22384E+00 
200.0 40.0 1.0    0.33792E+00 
200.0 50.0 1.0    0.43037E+00 
200.0 60.0 1.0    0.45749E+00 
200.0 70.0 1.0    0.32753E+00 
200.0 80.0 1.0    0.73690E-01 
200.0 89.9 1.0    0.00000E+00 
400.0 0.0 1.0    0.28990E+00 
400.0 10.0 1.0    0.32851E+00 
400.0 20.0 1.0    0.44075E+00 
400.0 30.0 1.0    0.61016E+00 
400.0 40.0 1.0    0.81164E+00 
400.0 50.0 1.0    0.97265E+00 
400.0 60.0 1.0    0.99621E+00 
400.0 70.0 1.0    0.76361E+00 
400.0 80.0 1.0    0.23389E+00 
400.0 89.9 1.0    0.00000E+00 
600.0 0.0 1.0    0.51337E+00 
600.0 10.0 1.0    0.56691E+00 
600.0 20.0 1.0    0.70812E+00 
600.0 30.0 1.0    0.92810E+00 
600.0 40.0 1.0    0.11724E+01 
600.0 50.0 1.0    0.13914E+01 
600.0 60.0 1.0    0.14414E+01 
600.0 70.0 1.0    0.11562E+01 
600.0 80.0 1.0    0.40096E+00 
600.0 89.9 1.0    0.00000E+00 
800.0 0.0 1.0    0.71726E+00 
800.0 10.0 1.0    0.76963E+00 
800.0 20.0 1.0    0.94304E+00 
800.0 30.0 1.0    0.11961E+01 
800.0 40.0 1.0    0.14881E+01 
800.0 50.0 1.0    0.17485E+01 
800.0 60.0 1.0    0.18338E+01 
800.0 70.0 1.0    0.15050E+01 
800.0 80.0 1.0    0.57030E+00 
800.0 89.9 1.0    0.00000E+00 
