nTileSegments = 43;  
indices = [7, 8, 9, 10, 11, 12, 13, 14, 15, 16, 17, 18, 19, 20, 21, 22, 23, 24, 74, 75, 76, 77, 78, 79, 80, 81, 82, 83, 84, 85, 86, 87, 88, 89, 90, 91, 103, 104, 105, 106, 107, 108, 109, ]; 
gapSize = 0.000500 ; 
tileNs = [4, 4, 4, 4, 4, 4, 4, 4, 3, 7, 4, 4, 4, 4, 4, 4, 4, 4, 4, 4, 4, 4, 4, 4, 4, 4, 4, 7, 4, 4, 4, 4, 4, 4, 4, 4, 4, 4, 4, 4, 4, 4, 3, ]; 
tileRs = [0.024922, 0.024922, 0.024922, 0.024922, 0.029153, 0.029153, 0.029153, 0.029153, 0.026290, 0.026862, 0.029276, 0.029276, 0.029276, 0.029276, 0.029276, 0.029276, 0.029276, 0.029276, 0.025755, 0.025755, 0.025755, 0.025755, 0.025755, 0.025755, 0.025755, 0.025755, 0.025755, 0.028453, 0.024604, 0.026221, 0.026221, 0.026221, 0.026221, 0.025158, 0.025158, 0.025158, 0.028596, 0.024687, 0.024687, 0.024687, 0.024686, 0.024687, 0.031899, ]; 
degrees = [45.009515, 45.009515, 45.009119, 45.009515, 90.011064, 90.011063, 90.010583, 90.011064, 82.882717, 88.082379, 76.826246, 66.476641, 56.125915, 45.776074, 35.425523, 25.076163, 14.725812, 4.376477, 8.690678, 20.450358, 32.210744, 43.970574, 55.730416, 67.490738, 79.250424, 91.011096, 102.770812, 114.769960, 110.366064, 116.030306, 116.030306, 116.030306, 116.030785, 4.492914, 4.493511, 4.492914, 15.777195, 2.306646, 10.192935, 22.692561, 35.192763, 47.692432, 59.972661, ]; 
pointPairs =[ [[ 5.265335 , -4.267113 ], [ 5.337581 , -4.339383] ], 
[[ 5.337581 , -4.339383 ], [ 5.409827 , -4.411653] ], 
[[ 5.409827 , -4.411653 ], [ 5.482074 , -4.483923] ], 
[[ 5.482074 , -4.483923 ], [ 5.554320 , -4.556193] ], 
[[ 5.554320 , -4.556193 ], [ 5.554297 , -4.437081] ], 
[[ 5.554297 , -4.437081 ], [ 5.554274 , -4.317968] ], 
[[ 5.554274 , -4.317968 ], [ 5.554252 , -4.198856] ], 
[[ 5.554252 , -4.198856 ], [ 5.554229 , -4.079744] ], 
[[ 5.554229 , -4.079744 ], [ 5.564249 , -3.999496] ], 
[[ 5.564249 , -3.999496 ], [ 5.570675 , -3.807568] ], 
[[ 5.570675 , -3.807568 ], [ 5.597933 , -3.691113] ], 
[[ 5.597933 , -3.691113 ], [ 5.645669 , -3.581450] ], 
[[ 5.645669 , -3.581450 ], [ 5.712332 , -3.482148] ], 
[[ 5.712332 , -3.482148 ], [ 5.795751 , -3.396438] ], 
[[ 5.795751 , -3.396438 ], [ 5.893213 , -3.327110] ], 
[[ 5.893213 , -3.327110 ], [ 6.001544 , -3.276419] ], 
[[ 6.001544 , -3.276419 ], [ 6.117221 , -3.246016] ], 
[[ 6.117221 , -3.246016 ], [ 6.236477 , -3.236889] ], 
[[ 4.023152 , -2.544839 ], [ 4.127460 , -2.560783] ], 
[[ 4.127460 , -2.560783 ], [ 4.226329 , -2.597651] ], 
[[ 4.226329 , -2.597651 ], [ 4.315609 , -2.653897] ], 
[[ 4.315609 , -2.653897 ], [ 4.391551 , -2.727158] ], 
[[ 4.391551 , -2.727158 ], [ 4.450967 , -2.814358] ], 
[[ 4.450967 , -2.814358 ], [ 4.491363 , -2.911838] ], 
[[ 4.491363 , -2.911838 ], [ 4.511044 , -3.015505] ], 
[[ 4.511044 , -3.015505 ], [ 4.509182 , -3.121008] ], 
[[ 4.509182 , -3.121008 ], [ 4.485857 , -3.223916] ], 
[[ 4.485857 , -3.223916 ], [ 4.400734 , -3.408393] ], 
[[ 4.400734 , -3.408393 ], [ 4.365613 , -3.503002] ], 
[[ 4.365613 , -3.503002 ], [ 4.318488 , -3.599493] ], 
[[ 4.318488 , -3.599493 ], [ 4.271363 , -3.695984] ], 
[[ 4.271363 , -3.695984 ], [ 4.224238 , -3.792475] ], 
[[ 4.224238 , -3.792475 ], [ 4.177112 , -3.888966] ], 
[[ 4.177112 , -3.888966 ], [ 4.279928 , -3.897045] ], 
[[ 4.279928 , -3.897045 ], [ 4.382743 , -3.905125] ], 
[[ 4.382743 , -3.905125 ], [ 4.485559 , -3.913204] ], 
[[ 4.639165 , -3.750207 ], [ 4.751644 , -3.718427] ], 
[[ 4.751644 , -3.718427 ], [ 4.852810 , -3.714352] ], 
[[ 4.852810 , -3.714352 ], [ 4.952459 , -3.732269] ], 
[[ 4.952459 , -3.732269 ], [ 5.045869 , -3.771329] ], 
[[ 5.045869 , -3.771329 ], [ 5.128609 , -3.829680] ], 
[[ 5.128609 , -3.829680 ], [ 5.196759 , -3.904556] ], 
[[ 5.196759 , -3.904556 ], [ 5.245648 , -3.989141] ], 
parUnit =[ [ 0.706989 , -0.707224 ], 
[ 0.706989 , -0.707224 ], 
[ 0.706994 , -0.707219 ], 
[ 0.706989 , -0.707224 ], 
[ -0.000193 , 1.000000 ], 
[ -0.000193 , 1.000000 ], 
[ -0.000185 , 1.000000 ], 
[ -0.000193 , 1.000000 ], 
[ 0.123901 , 0.992295 ], 
[ 0.033463 , 0.999440 ], 
[ 0.227905 , 0.973683 ], 
[ 0.399123 , 0.916897 ], 
[ 0.557370 , 0.830264 ], 
[ 0.697464 , 0.716619 ], 
[ 0.814870 , 0.579644 ], 
[ 0.905745 , 0.423823 ], 
[ 0.967153 , 0.254194 ], 
[ 0.997084 , 0.076310 ], 
[ 0.988518 , -0.151100 ], 
[ 0.936975 , -0.349396 ], 
[ 0.846093 , -0.533035 ], 
[ 0.719696 , -0.694289 ], 
[ 0.563087 , -0.826397 ], 
[ 0.382833 , -0.923818 ], 
[ 0.186517 , -0.982452 ], 
[ -0.017646 , -0.999844 ], 
[ -0.221052 , -0.975262 ], 
[ -0.418976 , -0.907997 ], 
[ -0.348017 , -0.937488 ], 
[ -0.438846 , -0.898562 ], 
[ -0.438846 , -0.898562 ], 
[ -0.438846 , -0.898562 ], 
[ -0.438854 , -0.898558 ], 
[ 0.996927 , -0.078336 ], 
[ 0.996926 , -0.078346 ], 
[ 0.996927 , -0.078336 ], 
[ 0.962326 , 0.271897 ], 
[ 0.999190 , 0.040248 ], 
[ 0.984217 , -0.176963 ], 
[ 0.922588 , -0.385786 ], 
[ 0.817218 , -0.576329 ], 
[ 0.673110 , -0.739542 ], 
[ 0.500413 , -0.865787 ], 
perpUnit =[ [ 0.707224 , 0.706989 ], 
[ 0.707224 , 0.706989 ], 
[ 0.707219 , 0.706994 ], 
[ 0.707224 , 0.706989 ], 
[ -1.000000 , -0.000193 ], 
[ -1.000000 , -0.000193 ], 
[ -1.000000 , -0.000185 ], 
[ -1.000000 , -0.000193 ], 
[ -0.992295 , 0.123901 ], 
[ -0.999440 , 0.033463 ], 
[ -0.973683 , 0.227905 ], 
[ -0.916897 , 0.399123 ], 
[ -0.830264 , 0.557370 ], 
[ -0.716619 , 0.697464 ], 
[ -0.579644 , 0.814870 ], 
[ -0.423823 , 0.905745 ], 
[ -0.254194 , 0.967153 ], 
[ -0.076310 , 0.997084 ], 
[ 0.151100 , 0.988518 ], 
[ 0.349396 , 0.936975 ], 
[ 0.533035 , 0.846093 ], 
[ 0.694289 , 0.719696 ], 
[ 0.826397 , 0.563087 ], 
[ 0.923818 , 0.382833 ], 
[ 0.982452 , 0.186517 ], 
[ 0.999844 , -0.017646 ], 
[ 0.975262 , -0.221052 ], 
[ 0.907997 , -0.418976 ], 
[ 0.937488 , -0.348017 ], 
[ 0.898562 , -0.438846 ], 
[ 0.898562 , -0.438846 ], 
[ 0.898562 , -0.438846 ], 
[ 0.898558 , -0.438854 ], 
[ 0.078336 , 0.996927 ], 
[ 0.078346 , 0.996926 ], 
[ 0.078336 , 0.996927 ], 
[ -0.271897 , 0.962326 ], 
[ -0.040248 , 0.999190 ], 
[ 0.176963 , 0.984217 ], 
[ 0.385786 , 0.922588 ], 
[ 0.576329 , 0.817218 ], 
[ 0.739542 , 0.673110 ], 
[ 0.865787 , 0.500413 ], 
