   10   13   51    1   10     /NEON           / ARNAUD-ROSEN(NE SCALED) 22/07/91
 -------------------------------------------------------------------------------
   4.00000   5.00000   6.00000   7.00000   8.00000   9.00000  10.00000  11.00000
  12.00000  13.00000  14.00000  15.00000  16.00000
  -0.06466   0.03533   0.13534   0.23535   0.33534   0.43534   0.53534   0.63534
   0.73534   0.83534   0.93534   1.03533   1.13534   1.23535   1.33534   1.43534
   1.53534   1.63534   1.73534   1.83534   1.93534   2.03533   2.13534   2.23535
   2.33534   2.43534   2.53534   2.63534   2.73534   2.83534   2.93534   3.03533
   3.13534   3.23535   3.33534   3.43534   3.53534   3.63534   3.73534   3.83534
   3.93534   4.03533   4.13534   4.23535   4.33534   4.43534   4.53534   4.63534
   4.73534   4.83534   4.93534
 ---------------------------------------------------/ Z1= 1   / DATE= 22/07/91
 -19.41005 -19.40915 -19.40891 -19.40930 -19.40843 -19.40387 -19.39551 -19.39256
 -19.40657 -19.44394 -19.49062 -19.52742 -19.54002
 -17.44977 -17.44933 -17.44853 -17.44713 -17.44513 -17.44258 -17.44008 -17.44041
 -17.44693 -17.46118 -17.47777 -17.48950 -17.49107
 -15.15802 -15.15796 -15.15709 -15.15508 -15.15261 -15.15063 -15.15008 -15.15172
 -15.15627 -15.16383 -15.17194 -15.17748 -15.17819
 -13.87943 -13.87962 -13.87893 -13.87702 -13.87463 -13.87281 -13.87253 -13.87448
 -13.87930 -13.88708 -13.89578 -13.90280 -13.90621
 -13.04769 -13.04797 -13.04749 -13.04596 -13.04408 -13.04278 -13.04291 -13.04504
 -13.04964 -13.05680 -13.06489 -13.07185 -13.07617
 -11.83268 -11.83291 -11.83259 -11.83152 -11.83031 -11.82978 -11.83059 -11.83289
 -11.83664 -11.84165 -11.84705 -11.85176 -11.85499
 -11.02919 -11.02934 -11.02910 -11.02836 -11.02769 -11.02783 -11.02929 -11.03169
 -11.03441 -11.03694 -11.03911 -11.04088 -11.04221
 -10.43180 -10.43189 -10.43162 -10.43091 -10.43037 -10.43074 -10.43249 -10.43489
 -10.43690 -10.43774 -10.43770 -10.43734 -10.43712
  -9.95861  -9.95870  -9.95829  -9.95724  -9.95624  -9.95620  -9.95767  -9.95991
  -9.96182  -9.96256  -9.96239  -9.96180  -9.96121
  -9.55440  -9.55452  -9.55397  -9.55251  -9.55089  -9.55012  -9.55092  -9.55276
  -9.55479  -9.55634  -9.55730  -9.55769  -9.55758
  -9.19382  -9.19398  -9.19341  -9.19186  -9.18997  -9.18867  -9.18866  -9.18976
  -9.19161  -9.19380  -9.19588  -9.19737  -9.19795
  -8.86646  -8.86660  -8.86625  -8.86518  -8.86376  -8.86247  -8.86176  -8.86182
  -8.86280  -8.86471  -8.86695  -8.86882  -8.86977
  -8.57675  -8.57681  -8.57675  -8.57650  -8.57598  -8.57516  -8.57407  -8.57318
  -8.57310  -8.57417  -8.57590  -8.57757  -8.57860
  -8.32331  -8.32324  -8.32341  -8.32387  -8.32426  -8.32410  -8.32314  -8.32192
  -8.32124  -8.32164  -8.32277  -8.32404  -8.32498
  -8.10679  -8.10655  -8.10671  -8.10746  -8.10838  -8.10891  -8.10869  -8.10812
  -8.10780  -8.10818  -8.10905  -8.11004  -8.11084
  -7.94310  -7.94271  -7.94269  -7.94327  -7.94425  -7.94532  -7.94621  -7.94697
  -7.94773  -7.94854  -7.94938  -7.95012  -7.95074
  -7.79588  -7.79542  -7.79509  -7.79512  -7.79569  -7.79698  -7.79904  -7.80139
  -7.80346  -7.80478  -7.80549  -7.80589  -7.80621
  -7.67366  -7.67327  -7.67260  -7.67174  -7.67140  -7.67245  -7.67538  -7.67915
  -7.68232  -7.68383  -7.68407  -7.68383  -7.68373
  -7.56864  -7.56850  -7.56753  -7.56559  -7.56396  -7.56428  -7.56754  -7.57214
  -7.57584  -7.57697  -7.57627  -7.57507  -7.57443
  -7.48149  -7.48163  -7.48054  -7.47786  -7.47522  -7.47476  -7.47780  -7.48244
  -7.48600  -7.48648  -7.48487  -7.48286  -7.48180
  -7.41117  -7.41146  -7.41056  -7.40808  -7.40550  -7.40476  -7.40709  -7.41081
  -7.41354  -7.41355  -7.41174  -7.40965  -7.40852
  -7.35458  -7.35476  -7.35448  -7.35357  -7.35265  -7.35254  -7.35373  -7.35549
  -7.35676  -7.35677  -7.35593  -7.35492  -7.35430
  -7.30980  -7.30967  -7.31031  -7.31200  -7.31398  -7.31520  -7.31498  -7.31401
  -7.31335  -7.31377  -7.31482  -7.31578  -7.31608
  -7.27491  -7.27435  -7.27607  -7.28090  -7.28640  -7.28930  -7.28751  -7.28343
  -7.28062  -7.28164  -7.28506  -7.28842  -7.28986
  -7.24949  -7.24851  -7.25134  -7.25938  -7.26849  -7.27315  -7.26977  -7.26251
  -7.25751  -7.25916  -7.26501  -7.27086  -7.27347
  -7.23210  -7.23068  -7.23462  -7.24587  -7.25861  -7.26502  -7.26004  -7.24961
  -7.24242  -7.24471  -7.25298  -7.26132  -7.26511
  -7.22185  -7.22000  -7.22504  -7.23951  -7.25587  -7.26403  -7.25746  -7.24385
  -7.23447  -7.23739  -7.24810  -7.25893  -7.26388
  -7.21753  -7.21525  -7.22139  -7.23908  -7.25906  -7.26897  -7.26081  -7.24403
  -7.23245  -7.23601  -7.24915  -7.26246  -7.26859
  -7.21824  -7.21552  -7.22277  -7.24368  -7.26728  -7.27894  -7.26919  -7.24923
  -7.23546  -7.23965  -7.25523  -7.27103  -7.27833
  -7.22403  -7.22088  -7.22924  -7.25336  -7.28058  -7.29399  -7.28264  -7.25952
  -7.24355  -7.24838  -7.26639  -7.28467  -7.29315
  -7.23284  -7.22926  -7.23872  -7.26607  -7.29691  -7.31206  -7.29912  -7.27282
  -7.25466  -7.26013  -7.28058  -7.30134  -7.31099
  -7.24565  -7.24163  -7.25220  -7.28277  -7.31723  -7.33413  -7.31960  -7.29012
  -7.26977  -7.27587  -7.29875  -7.32200  -7.33283
  -7.26201  -7.25756  -7.26924  -7.30301  -7.34110  -7.35975  -7.34363  -7.31098
  -7.28843  -7.29517  -7.32048  -7.34622  -7.35822
  -7.27984  -7.27495  -7.28774  -7.32473  -7.36644  -7.38684  -7.36912  -7.33330
  -7.30856  -7.31593  -7.34368  -7.37190  -7.38507
  -7.30103  -7.29571  -7.30960  -7.34981  -7.39514  -7.41729  -7.39798  -7.35898
  -7.33205  -7.34006  -7.37024  -7.40094  -7.41529
  -7.32331  -7.31756  -7.33256  -7.37599  -7.42493  -7.44883  -7.42794  -7.38576
  -7.35664  -7.36528  -7.39790  -7.43108  -7.44661
  -7.34775  -7.34156  -7.35767  -7.40431  -7.45688  -7.48253  -7.46004  -7.41469
  -7.38337  -7.39265  -7.42770  -7.46337  -7.48007
  -7.37366  -7.36704  -7.38425  -7.43411  -7.49030  -7.51770  -7.49362  -7.44509
  -7.41158  -7.42149  -7.45898  -7.49714  -7.51501
  -7.40121  -7.39416  -7.41247  -7.46555  -7.52536  -7.55451  -7.52883  -7.47714
  -7.44143  -7.45198  -7.49190  -7.53254  -7.55159
  -7.42946  -7.42197  -7.44139  -7.49769  -7.56112  -7.59202  -7.56475  -7.50988
  -7.47199  -7.48316  -7.52552  -7.56865  -7.58887
  -7.45842  -7.45050  -7.47103  -7.53054  -7.59759  -7.63024  -7.60138  -7.54333
  -7.50325  -7.51506  -7.55985  -7.60546  -7.62686
  -7.48946  -7.48110  -7.50274  -7.56546  -7.63614  -7.67054  -7.64009  -7.57887
  -7.53658  -7.54904  -7.59626  -7.64435  -7.66691
  -7.52143  -7.51264  -7.53539  -7.60133  -7.67563  -7.71177  -7.67973  -7.61533
  -7.57086  -7.58394  -7.63360  -7.68418  -7.70793
  -7.55440  -7.54518  -7.56903  -7.63819  -7.71611  -7.75400  -7.72037  -7.65280
  -7.60613  -7.61985  -7.67194  -7.72501  -7.74992
  -7.58838  -7.57872  -7.60368  -7.67606  -7.75759  -7.79724  -7.76201  -7.69127
  -7.64241  -7.65676  -7.71129  -7.76684  -7.79293
  -7.62160  -7.61151  -7.63757  -7.71317  -7.79833  -7.83972  -7.80290  -7.72898
  -7.67793  -7.69292  -7.74988  -7.80791  -7.83518
  -7.65561  -7.64509  -7.67225  -7.75107  -7.83984  -7.88298  -7.84458  -7.76748
  -7.71424  -7.72986  -7.78925  -7.84978  -7.87821
  -7.69250  -7.68154  -7.70982  -7.79185  -7.88425  -7.92914  -7.88914  -7.80887
  -7.75343  -7.76969  -7.83151  -7.89452  -7.92414
  -7.72816  -7.71677  -7.74615  -7.83140  -7.92742  -7.97406  -7.93247  -7.84902
  -7.79140  -7.80829  -7.87255  -7.93804  -7.96883
  -7.76447  -7.75264  -7.78313  -7.87160  -7.97124  -8.01962  -7.97644  -7.88982
  -7.83000  -7.84753  -7.91422  -7.98220  -8.01416
  -7.80134  -7.78909  -7.82068  -7.91237  -8.01563  -8.06576  -8.02099  -7.93119
  -7.86918  -7.88734  -7.95647  -8.02693  -8.06007
 ---------------------------------------------------/ Z1= 2   / DATE= 22/07/91
 -29.18309 -29.18483 -29.18991 -29.19246 -29.18427 -29.16125 -29.14192 -29.15254
 -29.19943 -29.17830 -28.94685 -28.40810 -27.71553
 -24.91722 -24.91853 -24.92245 -24.92455 -24.91872 -24.90184 -24.88739 -24.89455
 -24.92805 -24.91258 -24.74538 -24.35648 -23.85786
 -21.53610 -21.53703 -21.53986 -21.54149 -21.53769 -21.52623 -21.51611 -21.52019
 -21.54170 -21.53079 -21.41936 -21.16124 -20.83186
 -18.86012 -18.86073 -18.86256 -18.86369 -18.86143 -18.85434 -18.84773 -18.84927
 -18.86093 -18.85289 -18.78448 -18.62834 -18.43085
 -16.75945 -16.75978 -16.76079 -16.76138 -16.76007 -16.75601 -16.75188 -16.75163
 -16.75609 -16.74895 -16.70801 -16.61858 -16.50725
 -14.90309 -14.90323 -14.90361 -14.90374 -14.90293 -14.90075 -14.89821 -14.89683
 -14.89661 -14.88926 -14.86365 -14.81257 -14.75065
 -13.56225 -13.56226 -13.56227 -13.56211 -13.56155 -13.56042 -13.55879 -13.55685
 -13.55413 -13.54664 -13.52917 -13.49853 -13.46265
 -12.49485 -12.49483 -12.49474 -12.49454 -12.49416 -12.49351 -12.49233 -12.49030
 -12.48686 -12.48017 -12.46796 -12.44893 -12.42746
 -11.56543 -11.56543 -11.56542 -11.56534 -11.56510 -11.56461 -11.56361 -11.56181
 -11.55879 -11.55357 -11.54495 -11.53235 -11.51848
 -10.84164 -10.84167 -10.84176 -10.84182 -10.84170 -10.84126 -10.84039 -10.83898
 -10.83680 -10.83309 -10.82688 -10.81768 -10.80759
 -10.27083 -10.27087 -10.27100 -10.27110 -10.27106 -10.27077 -10.27013 -10.26912
 -10.26760 -10.26495 -10.26037 -10.25344 -10.24582
  -9.80967  -9.80970  -9.80977  -9.80986  -9.80988  -9.80977  -9.80944  -9.80879
  -9.80769  -9.80565  -9.80212  -9.79680  -9.79100
  -9.43180  -9.43180  -9.43180  -9.43183  -9.43188  -9.43195  -9.43190  -9.43153
  -9.43065  -9.42894  -9.42606  -9.42187  -9.41734
  -9.11407  -9.11405  -9.11401  -9.11398  -9.11403  -9.11420  -9.11431  -9.11410
  -9.11333  -9.11181  -9.10935  -9.10590  -9.10223
  -8.84466  -8.84465  -8.84460  -8.84456  -8.84460  -8.84474  -8.84482  -8.84462
  -8.84392  -8.84256  -8.84043  -8.83749  -8.83436
  -8.61618  -8.61617  -8.61615  -8.61614  -8.61615  -8.61619  -8.61615  -8.61587
  -8.61522  -8.61404  -8.61217  -8.60958  -8.60681
  -8.42022  -8.42022  -8.42023  -8.42023  -8.42022  -8.42017  -8.42003  -8.41970
  -8.41911  -8.41809  -8.41646  -8.41413  -8.41161
  -8.25649  -8.25649  -8.25651  -8.25652  -8.25651  -8.25645  -8.25630  -8.25600
  -8.25550  -8.25463  -8.25319  -8.25110  -8.24883
  -8.12436  -8.12436  -8.12436  -8.12436  -8.12436  -8.12436  -8.12429  -8.12409
  -8.12367  -8.12289  -8.12160  -8.11971  -8.11766
  -8.01189  -8.01188  -8.01186  -8.01185  -8.01187  -8.01195  -8.01200  -8.01190
  -8.01152  -8.01076  -8.00952  -8.00778  -8.00592
  -7.91721  -7.91719  -7.91715  -7.91712  -7.91717  -7.91734  -7.91749  -7.91744
  -7.91703  -7.91619  -7.91492  -7.91324  -7.91151
  -7.83863  -7.83861  -7.83856  -7.83852  -7.83859  -7.83881  -7.83902  -7.83899
  -7.83850  -7.83754  -7.83619  -7.83453  -7.83287
  -7.77469  -7.77467  -7.77461  -7.77457  -7.77464  -7.77486  -7.77506  -7.77499
  -7.77443  -7.77340  -7.77199  -7.77032  -7.76868
  -7.72354  -7.72353  -7.72350  -7.72348  -7.72352  -7.72365  -7.72373  -7.72357
  -7.72301  -7.72202  -7.72065  -7.71898  -7.71731
  -7.68194  -7.68195  -7.68196  -7.68197  -7.68195  -7.68190  -7.68176  -7.68148
  -7.68100  -7.68021  -7.67902  -7.67738  -7.67563
  -7.65170  -7.65172  -7.65178  -7.65182  -7.65174  -7.65148  -7.65110  -7.65071
  -7.65037  -7.64987  -7.64891  -7.64729  -7.64543
  -7.62893  -7.62896  -7.62906  -7.62912  -7.62900  -7.62861  -7.62809  -7.62766
  -7.62747  -7.62720  -7.62642  -7.62479  -7.62278
  -7.61439  -7.61442  -7.61451  -7.61457  -7.61446  -7.61409  -7.61361  -7.61326
  -7.61318  -7.61302  -7.61226  -7.61054  -7.60837
  -7.60555  -7.60557  -7.60563  -7.60566  -7.60559  -7.60536  -7.60507  -7.60489
  -7.60489  -7.60472  -7.60388  -7.60201  -7.59967
  -7.60380  -7.60380  -7.60381  -7.60382  -7.60381  -7.60377  -7.60375  -7.60377
  -7.60384  -7.60361  -7.60262  -7.60057  -7.59805
  -7.60730  -7.60728  -7.60724  -7.60722  -7.60727  -7.60744  -7.60769  -7.60794
  -7.60807  -7.60777  -7.60661  -7.60438  -7.60169
  -7.61439  -7.61435  -7.61426  -7.61421  -7.61432  -7.61470  -7.61523  -7.61570
  -7.61589  -7.61551  -7.61420  -7.61178  -7.60892
  -7.62525  -7.62520  -7.62506  -7.62497  -7.62514  -7.62573  -7.62653  -7.62722
  -7.62749  -7.62703  -7.62556  -7.62295  -7.61992
  -7.63827  -7.63821  -7.63801  -7.63789  -7.63813  -7.63893  -7.64001  -7.64092
  -7.64124  -7.64071  -7.63908  -7.63629  -7.63308
  -7.65561  -7.65553  -7.65528  -7.65513  -7.65543  -7.65644  -7.65779  -7.65892
  -7.65931  -7.65870  -7.65692  -7.65394  -7.65055
  -7.67572  -7.67562  -7.67533  -7.67514  -7.67551  -7.67672  -7.67835  -7.67970
  -7.68016  -7.67947  -7.67753  -7.67437  -7.67081
  -7.69680  -7.69669  -7.69634  -7.69612  -7.69655  -7.69798  -7.69988  -7.70145
  -7.70197  -7.70121  -7.69911  -7.69576  -7.69202
  -7.72125  -7.72111  -7.72072  -7.72047  -7.72096  -7.72259  -7.72477  -7.72657
  -7.72715  -7.72631  -7.72406  -7.72052  -7.71661
  -7.74715  -7.74700  -7.74656  -7.74628  -7.74683  -7.74867  -7.75113  -7.75314
  -7.75379  -7.75288  -7.75046  -7.74674  -7.74265
  -7.77469  -7.77453  -7.77403  -7.77372  -7.77434  -7.77638  -7.77911  -7.78135
  -7.78206  -7.78107  -7.77850  -7.77459  -7.77033
  -7.80134  -7.80116  -7.80061  -7.80027  -7.80095  -7.80320  -7.80621  -7.80866
  -7.80944  -7.80838  -7.80565  -7.80155  -7.79712
  -7.83268  -7.83248  -7.83188  -7.83151  -7.83225  -7.83471  -7.83800  -7.84067
  -7.84151  -7.84037  -7.83749  -7.83320  -7.82860
  -7.86328  -7.86306  -7.86241  -7.86201  -7.86281  -7.86548  -7.86904  -7.87194
  -7.87284  -7.87163  -7.86858  -7.86412  -7.85933
  -7.89279  -7.89255  -7.89185  -7.89141  -7.89228  -7.89516  -7.89899  -7.90211
  -7.90308  -7.90179  -7.89859  -7.89393  -7.88898
  -7.92445  -7.92419  -7.92344  -7.92297  -7.92391  -7.92699  -7.93110  -7.93444
  -7.93547  -7.93411  -7.93075  -7.92591  -7.92078
  -7.95861  -7.95834  -7.95754  -7.95704  -7.95803  -7.96133  -7.96571  -7.96927
  -7.97037  -7.96893  -7.96541  -7.96038  -7.95508
  -7.99140  -7.99111  -7.99026  -7.98973  -7.99079  -7.99429  -7.99895  -8.00273
  -8.00389  -8.00238  -7.99870  -7.99349  -7.98801
  -8.02826  -8.02795  -8.02705  -8.02649  -8.02761  -8.03132  -8.03625  -8.04025
  -8.04148  -8.03989  -8.03605  -8.03066  -8.02500
  -8.06349  -8.06317  -8.06222  -8.06163  -8.06281  -8.06673  -8.07194  -8.07616
  -8.07745  -8.07579  -8.07179  -8.06621  -8.06038
  -8.09963  -8.09929  -8.09828  -8.09766  -8.09891  -8.10304  -8.10852  -8.11296
  -8.11432  -8.11258  -8.10843  -8.10266  -8.09666
  -8.13608  -8.13573  -8.13467  -8.13401  -8.13532  -8.13966  -8.14542  -8.15008
  -8.15150  -8.14969  -8.14538  -8.13942  -8.13324
 ---------------------------------------------------/ Z1= 3   / DATE= 22/07/91
 -40.63638 -40.63461 -40.63347 -40.63382 -40.63336 -40.62779 -40.61305 -40.58917
 -40.55882 -40.51424 -40.32259 -39.76894 -38.66960
 -34.02826 -34.02667 -34.02583 -34.02663 -34.02666 -34.02142 -34.00688 -33.98442
 -33.95917 -33.92657 -33.76720 -33.28625 -32.31689
 -28.77469 -28.77328 -28.77275 -28.77399 -28.77451 -28.76964 -28.75526 -28.73425
 -28.71408 -28.69345 -28.56639 -28.15816 -27.31880
 -24.59688 -24.59566 -24.59544 -24.59712 -24.59811 -24.59360 -24.57941 -24.55984
 -24.54474 -24.53607 -24.44127 -24.10570 -23.39626
 -21.27655 -21.27554 -21.27560 -21.27768 -21.27911 -21.27496 -21.26108 -21.24303
 -21.23279 -21.23537 -21.17152 -20.90672 -20.32483
 -18.63638 -18.63553 -18.63583 -18.63818 -18.63992 -18.63618 -18.62291 -18.60658
 -18.60060 -18.61227 -18.57545 -18.37579 -17.91418
 -16.54211 -16.54144 -16.54190 -16.54425 -16.54610 -16.54283 -16.53073 -16.51651
 -16.51370 -16.53082 -16.51439 -16.37029 -16.01675
 -14.79588 -14.79538 -14.79584 -14.79792 -14.79955 -14.79685 -14.78668 -14.77506
 -14.77400 -14.79149 -14.78616 -14.68431 -14.42169
 -13.45842 -13.45808 -13.45843 -13.45997 -13.46114 -13.45907 -13.45142 -13.44273
 -13.44205 -13.45544 -13.45263 -13.37956 -13.18907
 -12.38300 -12.38278 -12.38299 -12.38393 -12.38459 -12.38310 -12.37797 -12.37204
 -12.37102 -12.37862 -12.37397 -12.32005 -12.18468
 -11.50169 -11.50155 -11.50165 -11.50215 -11.50244 -11.50142 -11.49820 -11.49431
 -11.49292 -11.49589 -11.48931 -11.44892 -11.35367
 -10.79588 -10.79579 -10.79584 -10.79613 -10.79626 -10.79556 -10.79344 -10.79075
 -10.78925 -10.78986 -10.78318 -10.75307 -10.68556
 -10.23062 -10.23056 -10.23061 -10.23082 -10.23093 -10.23043 -10.22890 -10.22685
 -10.22540 -10.22510 -10.21936 -10.19692 -10.14807
  -9.77211  -9.77206  -9.77210  -9.77229  -9.77242  -9.77206  -9.77088  -9.76922
  -9.76788  -9.76723  -9.76254  -9.74569  -9.70971
  -9.39903  -9.39899  -9.39903  -9.39921  -9.39933  -9.39909  -9.39818  -9.39683
  -9.39558  -9.39467  -9.39068  -9.37781  -9.35104
  -9.09420  -9.09417  -9.09420  -9.09435  -9.09448  -9.09431  -9.09362  -9.09251
  -9.09134  -9.09025  -9.08674  -9.07659  -9.05620
  -8.84164  -8.84160  -8.84163  -8.84177  -8.84189  -8.84177  -8.84123  -8.84030
  -8.83922  -8.83806  -8.83493  -8.82665  -8.81051
  -8.63639  -8.63636  -8.63638  -8.63650  -8.63662  -8.63653  -8.63607  -8.63527
  -8.63430  -8.63320  -8.63047  -8.62356  -8.61029
  -8.46725  -8.46723  -8.46725  -8.46736  -8.46746  -8.46739  -8.46697  -8.46626
  -8.46541  -8.46449  -8.46220  -8.45636  -8.44508
  -8.32790  -8.32787  -8.32789  -8.32799  -8.32809  -8.32801  -8.32763  -8.32698
  -8.32626  -8.32553  -8.32363  -8.31858  -8.30868
  -8.21610  -8.21608  -8.21610  -8.21619  -8.21627  -8.21620  -8.21586  -8.21530
  -8.21467  -8.21405  -8.21238  -8.20787  -8.19900
  -8.12436  -8.12434  -8.12436  -8.12442  -8.12449  -8.12443  -8.12416  -8.12370
  -8.12316  -8.12257  -8.12098  -8.11684  -8.10879
  -8.05061  -8.05060  -8.05061  -8.05066  -8.05071  -8.05067  -8.05046  -8.05009
  -8.04964  -8.04912  -8.04765  -8.04381  -8.03638
  -7.99140  -7.99138  -7.99139  -7.99144  -7.99148  -7.99145  -7.99127  -7.99097
  -7.99065  -7.99033  -7.98916  -7.98570  -7.97870
  -7.94692  -7.94691  -7.94692  -7.94697  -7.94701  -7.94698  -7.94679  -7.94653
  -7.94637  -7.94641  -7.94572  -7.94271  -7.93598
  -7.91010  -7.91008  -7.91009  -7.91015  -7.91020  -7.91016  -7.90996  -7.90972
  -7.90972  -7.91012  -7.90991  -7.90730  -7.90075
  -7.88273  -7.88272  -7.88273  -7.88278  -7.88283  -7.88279  -7.88260  -7.88240
  -7.88251  -7.88311  -7.88317  -7.88081  -7.87441
  -7.86646  -7.86645  -7.86646  -7.86649  -7.86653  -7.86650  -7.86636  -7.86623
  -7.86636  -7.86688  -7.86681  -7.86441  -7.85818
  -7.85699  -7.85699  -7.85699  -7.85701  -7.85702  -7.85701  -7.85696  -7.85693
  -7.85699  -7.85716  -7.85659  -7.85389  -7.84786
  -7.85078  -7.85078  -7.85078  -7.85076  -7.85075  -7.85076  -7.85082  -7.85087
  -7.85084  -7.85059  -7.84944  -7.84636  -7.84048
  -7.85387  -7.85388  -7.85387  -7.85384  -7.85381  -7.85383  -7.85395  -7.85406
  -7.85397  -7.85343  -7.85189  -7.84854  -7.84271
  -7.86012  -7.86013  -7.86012  -7.86009  -7.86005  -7.86008  -7.86022  -7.86034
  -7.86023  -7.85963  -7.85799  -7.85453  -7.84863
  -7.86967  -7.86968  -7.86968  -7.86964  -7.86961  -7.86964  -7.86976  -7.86987
  -7.86977  -7.86925  -7.86768  -7.86422  -7.85817
  -7.88273  -7.88274  -7.88273  -7.88271  -7.88268  -7.88270  -7.88279  -7.88288
  -7.88282  -7.88241  -7.88099  -7.87758  -7.87134
  -7.90309  -7.90309  -7.90309  -7.90307  -7.90305  -7.90307  -7.90313  -7.90319
  -7.90316  -7.90287  -7.90161  -7.89823  -7.89182
  -7.92082  -7.92083  -7.92082  -7.92081  -7.92081  -7.92081  -7.92085  -7.92089
  -7.92088  -7.92072  -7.91960  -7.91628  -7.90967
  -7.94310  -7.94310  -7.94310  -7.94310  -7.94310  -7.94310  -7.94310  -7.94312
  -7.94314  -7.94310  -7.94213  -7.93886  -7.93207
  -7.97062  -7.97062  -7.97062  -7.97062  -7.97063  -7.97063  -7.97061  -7.97060
  -7.97065  -7.97073  -7.96992  -7.96668  -7.95971
  -7.99568  -7.99568  -7.99568  -7.99569  -7.99570  -7.99569  -7.99565  -7.99561
  -7.99569  -7.99590  -7.99523  -7.99204  -7.98489
  -8.02365  -8.02364  -8.02365  -8.02367  -8.02369  -8.02367  -8.02360  -8.02354
  -8.02365  -8.02398  -8.02346  -8.02031  -8.01298
  -8.05306  -8.05306  -8.05306  -8.05309  -8.05312  -8.05310  -8.05299  -8.05291
  -8.05305  -8.05350  -8.05314  -8.05003  -8.04252
  -8.08407  -8.08406  -8.08407  -8.08410  -8.08414  -8.08411  -8.08398  -8.08388
  -8.08404  -8.08462  -8.08440  -8.08134  -8.07364
  -8.11577  -8.11576  -8.11577  -8.11581  -8.11585  -8.11582  -8.11566  -8.11554
  -8.11573  -8.11643  -8.11637  -8.11335  -8.10547
  -8.14813  -8.14811  -8.14812  -8.14817  -8.14822  -8.14818  -8.14800  -8.14785
  -8.14807  -8.14889  -8.14898  -8.14601  -8.13794
  -8.18177  -8.18176  -8.18177  -8.18183  -8.18188  -8.18184  -8.18162  -8.18145
  -8.18170  -8.18264  -8.18288  -8.17995  -8.17171
  -8.21610  -8.21608  -8.21609  -8.21616  -8.21622  -8.21617  -8.21593  -8.21573
  -8.21601  -8.21708  -8.21747  -8.21458  -8.20615
  -8.25181  -8.25180  -8.25181  -8.25188  -8.25195  -8.25190  -8.25163  -8.25140
  -8.25172  -8.25290  -8.25344  -8.25060  -8.24199
  -8.28735  -8.28733  -8.28734  -8.28742  -8.28750  -8.28744  -8.28714  -8.28689
  -8.28724  -8.28854  -8.28923  -8.28644  -8.27764
  -8.32331  -8.32329  -8.32331  -8.32339  -8.32348  -8.32341  -8.32309  -8.32282
  -8.32319  -8.32462  -8.32546  -8.32271  -8.31373
  -8.36051  -8.36049  -8.36051  -8.36060  -8.36069  -8.36062  -8.36027  -8.35998
  -8.36038  -8.36193  -8.36292  -8.36021  -8.35105
  -8.39794  -8.39791  -8.39793  -8.39804  -8.39813  -8.39805  -8.39767  -8.39736
  -8.39779  -8.39946  -8.40060  -8.39794  -8.38860
 ---------------------------------------------------/ Z1= 4   / DATE= 22/07/91
 -57.77469 -57.77580 -57.77623 -57.77310 -57.76445 -57.75543 -57.75459 -57.76505
 -57.74846 -57.64708 -57.39598 -56.87543 -55.94008
 -47.67778 -47.67873 -47.67909 -47.67638 -47.66885 -47.66084 -47.65950 -47.66739
 -47.65135 -47.56154 -47.34077 -46.87544 -46.02562
 -39.65364 -39.65445 -39.65475 -39.65244 -39.64604 -39.63904 -39.63721 -39.64252
 -39.62701 -39.54878 -39.35834 -38.94824 -38.18398
 -33.27083 -33.27147 -33.27170 -33.26981 -33.26454 -33.25853 -33.25623 -33.25896
 -33.24399 -33.17732 -33.01721 -32.66237 -31.98363
 -28.19518 -28.19566 -28.19585 -28.19437 -28.19022 -28.18521 -28.18242 -28.18259
 -28.16814 -28.11305 -27.98328 -27.68365 -27.09044
 -24.15614 -24.15648 -24.15659 -24.15550 -24.15250 -24.14850 -24.14522 -24.14279
 -24.12889 -24.08537 -23.98593 -23.74153 -23.23387
 -20.94310 -20.94328 -20.94333 -20.94266 -20.94077 -20.93776 -20.93402 -20.92906
 -20.91571 -20.88364 -20.81419 -20.62453 -20.20186
 -18.38091 -18.38094 -18.38092 -18.38062 -18.37978 -18.37773 -18.37366 -18.36652
 -18.35381 -18.33232 -18.29057 -18.15230 -17.81110
 -16.30016 -16.30005 -16.29994 -16.29996 -16.30005 -16.29890 -16.29474 -16.28607
 -16.27417 -16.26163 -16.24283 -16.14906 -15.88210
 -14.67366 -14.67341 -14.67323 -14.67346 -14.67424 -14.67393 -14.67007 -14.66089
 -14.65008 -14.64386 -14.64090 -14.58124 -14.37755
 -13.36754 -13.36717 -13.36689 -13.36722 -13.36845 -13.36883 -13.36572 -13.35726
 -13.34785 -13.34484 -13.34905 -13.31076 -13.15666
 -12.31695 -12.31651 -12.31615 -12.31649 -12.31790 -12.31877 -12.31661 -12.30966
 -12.30186 -12.29983 -12.30497 -12.27823 -12.16167
 -11.46725 -11.46680 -11.46643 -11.46673 -11.46806 -11.46911 -11.46778 -11.46253
 -11.45637 -11.45438 -11.45772 -11.43706 -11.34884
 -10.78516 -10.78480 -10.78450 -10.78472 -10.78577 -10.78664 -10.78574 -10.78191
 -10.77726 -10.77543 -10.77719 -10.76087 -10.69435
 -10.23732 -10.23710 -10.23692 -10.23707 -10.23772 -10.23820 -10.23744 -10.23466
 -10.23131 -10.22985 -10.23066 -10.21780 -10.16770
  -9.79588  -9.79579  -9.79573  -9.79581  -9.79610  -9.79619  -9.79545  -9.79344
  -9.79110  -9.79001  -9.79022  -9.77999  -9.74204
  -9.43890  -9.43889  -9.43890  -9.43893  -9.43900  -9.43886  -9.43817  -9.43671
  -9.43505  -9.43416  -9.43388  -9.42553  -9.39642
  -9.14997  -9.14999  -9.15001  -9.15002  -9.15000  -9.14979  -9.14920  -9.14811
  -9.14685  -9.14600  -9.14531  -9.13829  -9.11547
  -8.91721  -8.91721  -8.91723  -8.91723  -8.91721  -8.91704  -8.91657  -8.91569
  -8.91462  -8.91374  -8.91280  -8.90677  -8.88836
  -8.72816  -8.72815  -8.72814  -8.72815  -8.72818  -8.72810  -8.72774  -8.72696
  -8.72594  -8.72502  -8.72403  -8.71888  -8.70367
  -8.57512  -8.57510  -8.57507  -8.57509  -8.57519  -8.57520  -8.57492  -8.57415
  -8.57312  -8.57223  -8.57142  -8.56721  -8.55453
  -8.45346  -8.45344  -8.45340  -8.45343  -8.45357  -8.45366  -8.45344  -8.45269
  -8.45167  -8.45087  -8.45033  -8.44699  -8.43628
  -8.35556  -8.35554  -8.35550  -8.35554  -8.35569  -8.35582  -8.35565  -8.35501
  -8.35412  -8.35347  -8.35314  -8.35035  -8.34100
  -8.27819  -8.27818  -8.27815  -8.27818  -8.27830  -8.27841  -8.27833  -8.27792
  -8.27734  -8.27688  -8.27655  -8.27388  -8.26526
  -8.21824  -8.21824  -8.21822  -8.21824  -8.21830  -8.21838  -8.21838  -8.21826
  -8.21803  -8.21777  -8.21731  -8.21449  -8.20622
  -8.17198  -8.17198  -8.17198  -8.17198  -8.17200  -8.17204  -8.17210  -8.17219
  -8.17222  -8.17210  -8.17153  -8.16854  -8.16052
  -8.13787  -8.13786  -8.13786  -8.13787  -8.13788  -8.13792  -8.13800  -8.13812
  -8.13821  -8.13812  -8.13751  -8.13460  -8.12694
  -8.11407  -8.11406  -8.11405  -8.11406  -8.11410  -8.11415  -8.11421  -8.11425
  -8.11422  -8.11407  -8.11353  -8.11088  -8.10369
  -8.09854  -8.09852  -8.09851  -8.09853  -8.09861  -8.09869  -8.09870  -8.09859
  -8.09839  -8.09815  -8.09774  -8.09542  -8.08871
  -8.09044  -8.09041  -8.09039  -8.09042  -8.09052  -8.09061  -8.09059  -8.09035
  -8.09000  -8.08970  -8.08942  -8.08740  -8.08110
  -8.08884  -8.08881  -8.08879  -8.08882  -8.08891  -8.08900  -8.08895  -8.08867
  -8.08827  -8.08798  -8.08779  -8.08596  -8.07990
  -8.09313  -8.09310  -8.09308  -8.09310  -8.09318  -8.09324  -8.09319  -8.09291
  -8.09254  -8.09229  -8.09217  -8.09042  -8.08448
  -8.10182  -8.10180  -8.10178  -8.10179  -8.10185  -8.10190  -8.10184  -8.10158
  -8.10126  -8.10105  -8.10095  -8.09923  -8.09333
  -8.11520  -8.11518  -8.11516  -8.11516  -8.11522  -8.11526  -8.11520  -8.11495
  -8.11462  -8.11442  -8.11432  -8.11259  -8.10670
  -8.13194  -8.13192  -8.13190  -8.13191  -8.13198  -8.13202  -8.13195  -8.13168
  -8.13133  -8.13110  -8.13097  -8.12922  -8.12332
  -8.15181  -8.15179  -8.15177  -8.15179  -8.15187  -8.15193  -8.15185  -8.15155
  -8.15115  -8.15088  -8.15071  -8.14894  -8.14301
  -8.17457  -8.17455  -8.17454  -8.17457  -8.17466  -8.17472  -8.17464  -8.17431
  -8.17387  -8.17354  -8.17334  -8.17154  -8.16559
  -8.19997  -8.19995  -8.19994  -8.19998  -8.20008  -8.20016  -8.20007  -8.19971
  -8.19921  -8.19883  -8.19860  -8.19677  -8.19080
  -8.22694  -8.22692  -8.22691  -8.22696  -8.22707  -8.22716  -8.22707  -8.22668
  -8.22613  -8.22570  -8.22543  -8.22358  -8.21758
  -8.25649  -8.25647  -8.25646  -8.25651  -8.25664  -8.25674  -8.25664  -8.25622
  -8.25562  -8.25514  -8.25483  -8.25295  -8.24693
  -8.28651  -8.28649  -8.28649  -8.28654  -8.28668  -8.28679  -8.28669  -8.28624
  -8.28560  -8.28506  -8.28472  -8.28281  -8.27677
  -8.31876  -8.31874  -8.31874  -8.31880  -8.31896  -8.31908  -8.31897  -8.31849
  -8.31780  -8.31721  -8.31683  -8.31490  -8.30883
  -8.35164  -8.35163  -8.35163  -8.35169  -8.35186  -8.35199  -8.35188  -8.35137
  -8.35063  -8.34999  -8.34957  -8.34761  -8.34152
  -8.38510  -8.38508  -8.38508  -8.38516  -8.38534  -8.38548  -8.38537  -8.38482
  -8.38403  -8.38335  -8.38289  -8.38091  -8.37479
  -8.42022  -8.42021  -8.42021  -8.42030  -8.42049  -8.42064  -8.42052  -8.41995
  -8.41910  -8.41837  -8.41787  -8.41586  -8.40973
  -8.45593  -8.45592  -8.45593  -8.45601  -8.45622  -8.45639  -8.45626  -8.45565
  -8.45476  -8.45398  -8.45344  -8.45141  -8.44525
  -8.49214  -8.49212  -8.49213  -8.49223  -8.49245  -8.49262  -8.49249  -8.49185
  -8.49091  -8.49008  -8.48951  -8.48745  -8.48126
  -8.53018  -8.53017  -8.53018  -8.53028  -8.53052  -8.53070  -8.53057  -8.52990
  -8.52891  -8.52802  -8.52741  -8.52533  -8.51912
  -8.56703  -8.56702  -8.56703  -8.56714  -8.56739  -8.56759  -8.56745  -8.56675
  -8.56571  -8.56477  -8.56412  -8.56201  -8.55578
  -8.60555  -8.60553  -8.60555  -8.60566  -8.60592  -8.60613  -8.60599  -8.60526
  -8.60417  -8.60318  -8.60250  -8.60036  -8.59410
  -8.64397  -8.64396  -8.64397  -8.64410  -8.64437  -8.64459  -8.64444  -8.64368
  -8.64254  -8.64150  -8.64078  -8.63862  -8.63234
 ---------------------------------------------------/ Z1= 5   / DATE= 22/07/91
 -72.64206 -72.64342 -72.64552 -72.64336 -72.63113 -72.60982 -72.60001 -72.62572
 -72.67975 -72.66368 -72.46265 -71.97960 -71.16933
 -59.55753 -59.55878 -59.56067 -59.55869 -59.54761 -59.52824 -59.51921 -59.54221
 -59.59061 -59.57513 -59.39168 -58.95035 -58.20287
 -49.15242 -49.15352 -49.15523 -49.15344 -49.14348 -49.12610 -49.11784 -49.13812
 -49.18086 -49.16602 -49.00012 -48.60051 -47.91585
 -40.87943 -40.88040 -40.88188 -40.88029 -40.87146 -40.85603 -40.84859 -40.86613
 -40.90324 -40.88901 -40.74068 -40.38278 -39.76093
 -34.30276 -34.30360 -34.30489 -34.30347 -34.29578 -34.28230 -34.27565 -34.29048
 -34.32195 -34.30832 -34.17757 -33.86137 -33.30232
 -29.07109 -29.07179 -29.07286 -29.07166 -29.06508 -29.05359 -29.04771 -29.05981
 -29.08565 -29.07263 -28.95944 -28.68497 -28.18872
 -24.90659 -24.90717 -24.90802 -24.90700 -24.90157 -24.89203 -24.88695 -24.89632
 -24.91652 -24.90411 -24.80849 -24.57573 -24.14227
 -21.59346 -21.59390 -21.59456 -21.59373 -21.58943 -21.58185 -21.57756 -21.58421
 -21.59877 -21.58699 -21.50893 -21.31787 -20.94722
 -18.95078 -18.95108 -18.95154 -18.95088 -18.94769 -18.94206 -18.93857 -18.94254
 -18.95154 -18.94035 -18.87970 -18.72995 -18.42163
 -16.84772 -16.84790 -16.84818 -16.84770 -16.84557 -16.84177 -16.83902 -16.84053
 -16.84441 -16.83391 -16.78960 -16.67874 -16.42998
 -15.12960 -15.12968 -15.12978 -15.12946 -15.12824 -15.12604 -15.12400 -15.12351
 -15.12314 -15.11341 -15.08338 -15.00665 -14.81191
 -13.78252 -13.78252 -13.78249 -13.78229 -13.78178 -13.78083 -13.77944 -13.77760
 -13.77430 -13.76551 -13.74666 -13.69689 -13.54790
 -12.69897 -12.69892 -12.69881 -12.69869 -12.69863 -12.69852 -12.69767 -12.69529
 -12.69061 -12.68294 -12.67155 -12.64009 -12.52671
 -11.82391 -11.82382 -11.82366 -11.82359 -11.82379 -11.82415 -11.82372 -11.82134
 -11.81644 -11.80994 -11.80305 -11.78302 -11.69648
 -11.12033 -11.12024 -11.12006 -11.12001 -11.12031 -11.12090 -11.12072 -11.11859
 -11.11401 -11.10862 -11.10438 -11.09138 -11.02502
 -10.55595 -10.55585 -10.55569 -10.55563 -10.55596 -10.55659 -10.55651 -10.55458
 -10.55044 -10.54597 -10.54348 -10.53522 -10.48423
 -10.10237 -10.10229 -10.10213 -10.10209 -10.10237 -10.10292 -10.10283 -10.10108
 -10.09739 -10.09369 -10.09233 -10.08721 -10.04774
  -9.73518  -9.73512  -9.73499  -9.73495  -9.73517  -9.73559  -9.73545  -9.73388
  -9.73070  -9.72768  -9.72697  -9.72372  -9.69266
  -9.44129  -9.44124  -9.44115  -9.44111  -9.44127  -9.44155  -9.44138  -9.44005
  -9.43744  -9.43504  -9.43466  -9.43231  -9.40729
  -9.20273  -9.20269  -9.20263  -9.20261  -9.20271  -9.20288  -9.20269  -9.20162
  -9.19959  -9.19774  -9.19744  -9.19536  -9.17456
  -9.01055  -9.01053  -9.01049  -9.01048  -9.01054  -9.01063  -9.01045  -9.00963
  -9.00811  -9.00669  -9.00632  -9.00418  -8.98635
  -8.85699  -8.85697  -8.85693  -8.85693  -8.85697  -8.85705  -8.85691  -8.85629
  -8.85513  -8.85396  -8.85349  -8.85124  -8.83568
  -8.73283  -8.73281  -8.73277  -8.73276  -8.73282  -8.73293  -8.73287  -8.73237
  -8.73136  -8.73030  -8.72973  -8.72757  -8.71402
  -8.63451  -8.63448  -8.63443  -8.63442  -8.63450  -8.63468  -8.63469  -8.63426
  -8.63329  -8.63222  -8.63161  -8.62968  -8.61790
  -8.55752  -8.55749  -8.55743  -8.55741  -8.55751  -8.55774  -8.55781  -8.55742
  -8.55647  -8.55541  -8.55480  -8.55312  -8.54278
  -8.49757  -8.49754  -8.49748  -8.49746  -8.49756  -8.49778  -8.49787  -8.49753
  -8.49665  -8.49567  -8.49512  -8.49364  -8.48435
  -8.45100  -8.45097  -8.45092  -8.45090  -8.45099  -8.45118  -8.45125  -8.45095
  -8.45019  -8.44935  -8.44888  -8.44753  -8.43898
  -8.41794  -8.41792  -8.41788  -8.41786  -8.41793  -8.41808  -8.41813  -8.41787
  -8.41722  -8.41651  -8.41612  -8.41483  -8.40680
  -8.39470  -8.39468  -8.39464  -8.39464  -8.39470  -8.39481  -8.39485  -8.39462
  -8.39404  -8.39341  -8.39305  -8.39182  -8.38414
  -8.37986  -8.37984  -8.37981  -8.37980  -8.37986  -8.37997  -8.38001  -8.37979
  -8.37925  -8.37865  -8.37831  -8.37711  -8.36974
  -8.37263  -8.37262  -8.37258  -8.37257  -8.37263  -8.37275  -8.37279  -8.37257
  -8.37202  -8.37143  -8.37111  -8.37001  -8.36296
  -8.37263  -8.37261  -8.37257  -8.37256  -8.37262  -8.37276  -8.37281  -8.37257
  -8.37198  -8.37136  -8.37112  -8.37022  -8.36354
  -8.37675  -8.37672  -8.37668  -8.37667  -8.37674  -8.37690  -8.37695  -8.37668
  -8.37602  -8.37538  -8.37525  -8.37468  -8.36849
  -8.38616  -8.38613  -8.38608  -8.38607  -8.38615  -8.38633  -8.38639  -8.38608
  -8.38534  -8.38467  -8.38468  -8.38447  -8.37879
  -8.40012  -8.40009  -8.40004  -8.40002  -8.40011  -8.40031  -8.40037  -8.40003
  -8.39922  -8.39852  -8.39864  -8.39873  -8.39346
  -8.41794  -8.41791  -8.41786  -8.41784  -8.41794  -8.41815  -8.41821  -8.41785
  -8.41699  -8.41627  -8.41643  -8.41667  -8.41164
  -8.43890  -8.43887  -8.43881  -8.43880  -8.43890  -8.43911  -8.43918  -8.43881
  -8.43792  -8.43718  -8.43733  -8.43760  -8.43268
  -8.46218  -8.46215  -8.46209  -8.46207  -8.46217  -8.46239  -8.46246  -8.46208
  -8.46118  -8.46041  -8.46054  -8.46079  -8.45590
  -8.48812  -8.48809  -8.48803  -8.48801  -8.48811  -8.48833  -8.48841  -8.48802
  -8.48711  -8.48631  -8.48640  -8.48662  -8.48177
  -8.51570  -8.51567  -8.51561  -8.51559  -8.51570  -8.51592  -8.51600  -8.51561
  -8.51468  -8.51386  -8.51392  -8.51410  -8.50928
  -8.54516  -8.54512  -8.54506  -8.54504  -8.54515  -8.54538  -8.54545  -8.54506
  -8.54412  -8.54328  -8.54330  -8.54345  -8.53866
  -8.57675  -8.57671  -8.57665  -8.57663  -8.57675  -8.57697  -8.57705  -8.57665
  -8.57570  -8.57483  -8.57483  -8.57494  -8.57018
  -8.60907  -8.60904  -8.60896  -8.60894  -8.60906  -8.60929  -8.60938  -8.60896
  -8.60801  -8.60712  -8.60707  -8.60715  -8.60242
  -8.64207  -8.64202  -8.64196  -8.64194  -8.64205  -8.64229  -8.64237  -8.64196
  -8.64098  -8.64007  -8.63999  -8.64005  -8.63533
  -8.67778  -8.67775  -8.67768  -8.67766  -8.67778  -8.67802  -8.67810  -8.67768
  -8.67669  -8.67576  -8.67564  -8.67567  -8.67099
  -8.71220  -8.71216  -8.71209  -8.71207  -8.71219  -8.71243  -8.71251  -8.71210
  -8.71109  -8.71013  -8.70998  -8.70998  -8.70532
  -8.74958  -8.74955  -8.74948  -8.74946  -8.74958  -8.74982  -8.74991  -8.74948
  -8.74847  -8.74748  -8.74730  -8.74726  -8.74264
  -8.78516  -8.78512  -8.78505  -8.78503  -8.78515  -8.78540  -8.78548  -8.78506
  -8.78403  -8.78302  -8.78280  -8.78273  -8.77814
  -8.82391  -8.82387  -8.82381  -8.82378  -8.82390  -8.82415  -8.82424  -8.82381
  -8.82277  -8.82174  -8.82148  -8.82138  -8.81681
  -8.86012  -8.86008  -8.86001  -8.85999  -8.86011  -8.86036  -8.86045  -8.86002
  -8.85896  -8.85790  -8.85761  -8.85748  -8.85294
  -8.89963  -8.89960  -8.89953  -8.89950  -8.89963  -8.89988  -8.89997  -8.89953
  -8.89846  -8.89739  -8.89706  -8.89690  -8.89239
 ---------------------------------------------------/ Z1= 6   / DATE= 22/07/91
 -74.24489 -74.24489 -74.24489 -74.24489 -74.24489 -74.24489 -74.24489 -74.24489
 -74.24489 -74.24489 -74.24489 -74.24489 -74.24489
 -72.76955 -72.77266 -72.78572 -72.79921 -72.79230 -72.74608 -72.68245 -72.65886
 -72.72731 -72.81871 -72.75853 -72.37599 -71.63254
 -59.73518 -59.73796 -59.74963 -59.76167 -59.75546 -59.71410 -59.65735 -59.63695
 -59.69963 -59.78166 -59.72311 -59.36737 -58.67596
 -49.36957 -49.37204 -49.38231 -49.39288 -49.38737 -49.35086 -49.30099 -49.28380
 -49.34071 -49.41338 -49.35646 -49.02750 -48.38812
 -41.13019 -41.13232 -41.14120 -41.15033 -41.14551 -41.11385 -41.07088 -41.05687
 -41.10802 -41.17131 -41.11603 -40.81384 -40.22650
 -34.57675 -34.57855 -34.58603 -34.59372 -34.58958 -34.56277 -34.52670 -34.51588
 -34.56126 -34.61519 -34.56154 -34.28613 -33.75084
 -29.36250 -29.36397 -29.37006 -29.37630 -29.37285 -29.35091 -29.32172 -29.31409
 -29.35370 -29.39825 -29.34624 -29.09761 -28.61436
 -25.20972 -25.21086 -25.21556 -25.22034 -25.21759 -25.20050 -25.17819 -25.17377
 -25.20761 -25.24278 -25.19241 -24.97055 -24.53935
 -21.89963 -21.90044 -21.90375 -21.90706 -21.90501 -21.89278 -21.87735 -21.87613
 -21.90421 -21.93001 -21.88126 -21.68619 -21.30702
 -19.25806 -19.25853 -19.26045 -19.26233 -19.26097 -19.25356 -19.24501 -19.24696
 -19.26929 -19.28574 -19.23863 -19.07034 -18.74319
 -17.14935 -17.14955 -17.15024 -17.15083 -17.15009 -17.14694 -17.14436 -17.14888
 -17.16560 -17.17357 -17.12891 -16.98741 -16.71156
 -15.43063 -15.43065 -15.43062 -15.43046 -15.43006 -15.42937 -15.43003 -15.43516
 -15.44689 -15.44898 -15.40920 -15.29456 -15.06778
 -14.07727 -14.07729 -14.07740 -14.07738 -14.07688 -14.07558 -14.07481 -14.07728
 -14.08495 -14.08568 -14.05494 -13.96724 -13.78575
 -12.98716 -12.98747 -12.98889 -12.99026 -12.98903 -12.98290 -12.97422 -12.96948
 -12.97446 -12.98003 -12.96409 -12.90338 -12.76185
 -12.10902 -12.10979 -12.11333 -12.11691 -12.11457 -12.10077 -12.07994 -12.06515
 -12.06868 -12.08349 -12.08567 -12.05020 -11.94229
 -11.40230 -11.40343 -11.40868 -11.41405 -11.41086 -11.39100 -11.36055 -11.33792
 -11.34062 -11.36312 -11.37979 -11.36397 -11.28296
 -10.83565 -10.83680 -10.84211 -10.84757 -10.84443 -10.82454 -10.79389 -10.77074
 -10.77257 -10.79523 -10.81572 -10.81011 -10.74898
 -10.37882 -10.37960 -10.38320 -10.38692 -10.38481 -10.37136 -10.35055 -10.33464
 -10.33534 -10.34993 -10.36302 -10.35836 -10.31080
 -10.01144 -10.01172 -10.01302 -10.01436 -10.01360 -10.00875 -10.00116  -9.99515
  -9.99479  -9.99857 -10.00009  -9.99206  -9.95372
  -9.71444  -9.71436  -9.71398  -9.71360  -9.71381  -9.71521  -9.71725  -9.71849
  -9.71745  -9.71348  -9.70661  -9.69599  -9.66452
  -9.47625  -9.47605  -9.47511  -9.47414  -9.47469  -9.47816  -9.48343  -9.48709
  -9.48587  -9.47952  -9.47047  -9.46035  -9.43456
  -9.28483  -9.28466  -9.28390  -9.28312  -9.28356  -9.28638  -9.29063  -9.29356
  -9.29246  -9.28724  -9.28006  -9.27235  -9.25122
  -9.13136  -9.13130  -9.13101  -9.13072  -9.13087  -9.13192  -9.13342  -9.13431
  -9.13346  -9.13078  -9.12702  -9.12228  -9.10485
  -9.00877  -9.00879  -9.00886  -9.00894  -9.00889  -9.00861  -9.00809  -9.00744
  -9.00679  -9.00600  -9.00476  -9.00220  -8.98764
  -8.91010  -8.91013  -8.91027  -8.91042  -8.91034  -8.90980  -8.90891  -8.90799
  -8.90738  -8.90701  -8.90646  -8.90484  -8.89242
  -8.83565  -8.83566  -8.83571  -8.83576  -8.83573  -8.83554  -8.83517  -8.83464
  -8.83397  -8.83320  -8.83232  -8.83087  -8.82007
  -8.77728  -8.77727  -8.77722  -8.77716  -8.77719  -8.77738  -8.77759  -8.77747
  -8.77671  -8.77541  -8.77402  -8.77257  -8.76302
  -8.73283  -8.73281  -8.73272  -8.73262  -8.73267  -8.73301  -8.73344  -8.73347
  -8.73261  -8.73102  -8.72940  -8.72805  -8.71952
  -8.70115  -8.70113  -8.70104  -8.70095  -8.70100  -8.70132  -8.70172  -8.70169
  -8.70075  -8.69909  -8.69749  -8.69632  -8.68862
  -8.67985  -8.67983  -8.67977  -8.67970  -8.67974  -8.67996  -8.68019  -8.68001
  -8.67903  -8.67746  -8.67604  -8.67512  -8.66810
  -8.66555  -8.66554  -8.66551  -8.66549  -8.66550  -8.66558  -8.66560  -8.66526
  -8.66429  -8.66291  -8.66176  -8.66114  -8.65468
  -8.65956  -8.65956  -8.65956  -8.65958  -8.65956  -8.65954  -8.65936  -8.65889
  -8.65796  -8.65678  -8.65594  -8.65563  -8.64970
  -8.66154  -8.66154  -8.66157  -8.66160  -8.66159  -8.66148  -8.66121  -8.66067
  -8.65976  -8.65874  -8.65815  -8.65819  -8.65279
  -8.66756  -8.66756  -8.66758  -8.66761  -8.66760  -8.66752  -8.66729  -8.66678
  -8.66588  -8.66490  -8.66444  -8.66483  -8.66005
  -8.67778  -8.67778  -8.67777  -8.67776  -8.67777  -8.67779  -8.67772  -8.67732
  -8.67641  -8.67532  -8.67489  -8.67562  -8.67151
  -8.69250  -8.69249  -8.69245  -8.69241  -8.69243  -8.69256  -8.69265  -8.69236
  -8.69138  -8.69014  -8.68969  -8.69073  -8.68728
  -8.71220  -8.71219  -8.71215  -8.71210  -8.71212  -8.71228  -8.71240  -8.71210
  -8.71102  -8.70966  -8.70921  -8.71052  -8.70759
  -8.73283  -8.73283  -8.73280  -8.73277  -8.73279  -8.73287  -8.73286  -8.73240
  -8.73121  -8.72979  -8.72939  -8.73092  -8.72837
  -8.75696  -8.75696  -8.75697  -8.75699  -8.75698  -8.75693  -8.75668  -8.75599
  -8.75464  -8.75320  -8.75290  -8.75462  -8.75235
  -8.78516  -8.78517  -8.78523  -8.78529  -8.78526  -8.78504  -8.78452  -8.78356
  -8.78206  -8.78062  -8.78042  -8.78231  -8.78029
  -8.81248  -8.81250  -8.81260  -8.81271  -8.81266  -8.81227  -8.81148  -8.81024
  -8.80859  -8.80715  -8.80706  -8.80912  -8.80735
  -8.84466  -8.84469  -8.84484  -8.84499  -8.84491  -8.84437  -8.84330  -8.84179
  -8.83999  -8.83854  -8.83856  -8.84079  -8.83927
  -8.87615  -8.87619  -8.87638  -8.87659  -8.87649  -8.87578  -8.87443  -8.87265
  -8.87070  -8.86924  -8.86937  -8.87178  -8.87050
  -8.91010  -8.91014  -8.91039  -8.91063  -8.91051  -8.90964  -8.90801  -8.90596
  -8.90386  -8.90240  -8.90263  -8.90522  -8.90417
  -8.94310  -8.94316  -8.94345  -8.94374  -8.94359  -8.94256  -8.94065  -8.93834
  -8.93608  -8.93462  -8.93495  -8.93772  -8.93692
  -8.97881  -8.97888  -8.97921  -8.97956  -8.97939  -8.97818  -8.97601  -8.97342
  -8.97100  -8.96954  -8.96998  -8.97292  -8.97238
  -9.01547  -9.01556  -9.01593  -9.01632  -9.01613  -9.01476  -9.01231  -9.00945
  -9.00688  -9.00542  -9.00596  -9.00907  -9.00878
  -9.05257  -9.05266  -9.05308  -9.05353  -9.05331  -9.05177  -9.04905  -9.04592
  -9.04319  -9.04173  -9.04238  -9.04566  -9.04561
  -9.09044  -9.09054  -9.09100  -9.09149  -9.09125  -9.08955  -9.08655  -9.08315
  -9.08027  -9.07880  -9.07956  -9.08301  -9.08321
  -9.12843  -9.12854  -9.12905  -9.12958  -9.12932  -9.12746  -9.12418  -9.12050
  -9.11748  -9.11600  -9.11686  -9.12049  -9.12094
  -9.16749  -9.16761  -9.16817  -9.16875  -9.16846  -9.16643  -9.16288  -9.15893
  -9.15575  -9.15428  -9.15524  -9.15905  -9.15974
 ---------------------------------------------------/ Z1= 7   / DATE= 22/07/91
 -74.19112 -74.19112 -74.19112 -74.19112 -74.19112 -74.19112 -74.19112 -74.19112
 -74.19112 -74.19112 -74.19112 -74.19112 -74.19112
 -74.34103 -74.34103 -74.34103 -74.34103 -74.34103 -74.34103 -74.34103 -74.34103
 -74.34103 -74.34103 -74.34103 -74.34103 -74.34103
 -74.49080 -74.49080 -74.49080 -74.49080 -74.49080 -74.49080 -74.49080 -74.49080
 -74.49080 -74.49080 -74.49080 -74.49080 -74.49080
 -61.92812 -61.92775 -61.93068 -61.93610 -61.93588 -61.92046 -61.88989 -61.87411
 -61.90884 -61.98610 -61.96182 -61.66565 -60.98801
 -51.14449 -51.14415 -51.14688 -51.15199 -51.15187 -51.13768 -51.10939 -51.09465
 -51.12639 -51.19728 -51.17444 -50.90074 -50.27394
 -42.57187 -42.57155 -42.57411 -42.57889 -42.57889 -42.56592 -42.53992 -42.52620
 -42.55496 -42.61946 -42.59807 -42.34685 -41.77089
 -35.75449 -35.75420 -35.75658 -35.76102 -35.76112 -35.74937 -35.72568 -35.71300
 -35.73875 -35.79691 -35.77695 -35.54822 -35.02309
 -30.33348 -30.33322 -30.33542 -30.33954 -30.33975 -30.32924 -30.30782 -30.29616
 -30.31894 -30.37070 -30.35219 -30.14594 -29.67166
 -26.02090 -26.02068 -26.02267 -26.02647 -26.02679 -26.01750 -25.99837 -25.98775
 -26.00754 -26.05293 -26.03586 -25.85210 -25.42865
 -22.59007 -22.58986 -22.59169 -22.59515 -22.59560 -22.58752 -22.57068 -22.56108
 -22.57790 -22.61691 -22.60127 -22.44000 -22.06740
 -19.85698 -19.85680 -19.85844 -19.86157 -19.86214 -19.85529 -19.84071 -19.83215
 -19.84596 -19.87862 -19.86443 -19.72563 -19.40388
 -17.68404 -17.68387 -17.68533 -17.68814 -17.68880 -17.68317 -17.67088 -17.66335
 -17.67421 -17.70056 -17.68777 -17.57127 -17.29991
 -15.91721 -15.91708 -15.91836 -15.92082 -15.92153 -15.91705 -15.90698 -15.90049
 -15.90862 -15.92901 -15.91760 -15.82232 -15.59908
 -14.53018 -14.53007 -14.53114 -14.53322 -14.53395 -14.53050 -14.52251 -14.51710
 -14.52287 -14.53795 -14.52785 -14.45177 -14.27226
 -13.42022 -13.42013 -13.42097 -13.42262 -13.42326 -13.42069 -13.41458 -13.41029
 -13.41428 -13.42502 -13.41609 -13.35623 -13.21399
 -12.52433 -12.52426 -12.52485 -12.52604 -12.52648 -12.52459 -12.52011 -12.51695
 -12.51982 -12.52739 -12.51948 -12.47230 -12.35960
 -11.80688 -11.80682 -11.80721 -11.80797 -11.80819 -11.80678 -11.80361 -11.80146
 -11.80367 -11.80902 -11.80210 -11.76470 -11.67498
 -11.23062 -11.23060 -11.23084 -11.23130 -11.23136 -11.23030 -11.22804 -11.22659
 -11.22834 -11.23220 -11.22629 -11.19664 -11.12502
 -10.76700 -10.76702 -10.76722 -10.76756 -10.76758 -10.76674 -10.76500 -10.76387
 -10.76516 -10.76800 -10.76320 -10.73994 -10.68285
 -10.39470 -10.39472 -10.39493 -10.39525 -10.39530 -10.39462 -10.39318 -10.39215
 -10.39299 -10.39509 -10.39130 -10.37323 -10.32773
 -10.09528 -10.09526 -10.09541 -10.09572 -10.09583 -10.09533 -10.09413 -10.09320
 -10.09369 -10.09514 -10.09206 -10.07796 -10.04162
  -9.85387  -9.85371  -9.85374  -9.85397  -9.85411  -9.85382  -9.85299  -9.85228
  -9.85252  -9.85329  -9.85050  -9.83928  -9.81007
  -9.66154  -9.66127  -9.66117  -9.66128  -9.66140  -9.66129  -9.66086  -9.66045
  -9.66051  -9.66064  -9.65787  -9.64869  -9.62500
  -9.50585  -9.50560  -9.50546  -9.50544  -9.50548  -9.50546  -9.50533  -9.50519
  -9.50513  -9.50474  -9.50192  -9.49426  -9.47484
  -9.38195  -9.38201  -9.38198  -9.38187  -9.38172  -9.38162  -9.38161  -9.38159
  -9.38145  -9.38074  -9.37803  -9.37167  -9.35560
  -9.28316  -9.28373  -9.28396  -9.28378  -9.28340  -9.28305  -9.28290  -9.28281
  -9.28258  -9.28182  -9.27948  -9.27437  -9.26109
  -9.20621  -9.20694  -9.20722  -9.20697  -9.20641  -9.20584  -9.20547  -9.20519
  -9.20486  -9.20416  -9.20230  -9.19834  -9.18732
  -9.14569  -9.14556  -9.14531  -9.14489  -9.14437  -9.14384  -9.14335  -9.14288
  -9.14241  -9.14176  -9.14027  -9.13721  -9.12795
  -9.09909  -9.09715  -9.09578  -9.09513  -9.09491  -9.09475  -9.09437  -9.09382
  -9.09318  -9.09243  -9.09108  -9.08858  -9.08065
  -9.06449  -9.06191  -9.06021  -9.05961  -9.05967  -9.05981  -9.05961  -9.05909
  -9.05836  -9.05743  -9.05603  -9.05384  -9.04690
  -9.03953  -9.04001  -9.04033  -9.04046  -9.04044  -9.04034  -9.04018  -9.03984
  -9.03919  -9.03809  -9.03653  -9.03447  -9.02835
  -9.02273  -9.03111  -9.03651  -9.03820  -9.03757  -9.03643  -9.03604  -9.03602
  -9.03566  -9.03448  -9.03271  -9.03073  -9.02534
  -9.01323  -9.03118  -9.04270  -9.04621  -9.04474  -9.04223  -9.04150  -9.04184
  -9.04186  -9.04064  -9.03869  -9.03678  -9.03209
  -9.00966  -9.03489  -9.05104  -9.05588  -9.05372  -9.05015  -9.04917  -9.04980
  -9.05013  -9.04887  -9.04678  -9.04499  -9.04097
  -9.01189  -9.03811  -9.05487  -9.05983  -9.05754  -9.05383  -9.05288  -9.05363
  -9.05401  -9.05267  -9.05054  -9.04898  -9.04563
  -9.01863  -9.03773  -9.04992  -9.05348  -9.05179  -9.04914  -9.04860  -9.04924
  -9.04935  -9.04786  -9.04580  -9.04459  -9.04193
  -9.02965  -9.03796  -9.04322  -9.04470  -9.04393  -9.04290  -9.04293  -9.04332
  -9.04297  -9.04129  -9.03937  -9.03859  -9.03661
  -9.04431  -9.04368  -9.04320  -9.04296  -9.04298  -9.04327  -9.04374  -9.04388
  -9.04310  -9.04124  -9.03943  -9.03906  -9.03774
  -9.06248  -9.05857  -9.05600  -9.05514  -9.05545  -9.05621  -9.05679  -9.05676
  -9.05573  -9.05371  -9.05194  -9.05189  -9.05121
  -9.08355  -9.08071  -9.07884  -9.07820  -9.07841  -9.07899  -9.07942  -9.07930
  -9.07815  -9.07600  -9.07423  -9.07444  -9.07438
  -9.10735  -9.10765  -9.10781  -9.10780  -9.10775  -9.10782  -9.10800  -9.10779
  -9.10660  -9.10434  -9.10252  -9.10297  -9.10352
  -9.13312  -9.13686  -9.13923  -9.13990  -9.13956  -9.13908  -9.13898  -9.13871
  -9.13748  -9.13510  -9.13324  -9.13392  -9.13507
  -9.16115  -9.16832  -9.17290  -9.17426  -9.17362  -9.17259  -9.17222  -9.17188
  -9.17061  -9.16811  -9.16621  -9.16713  -9.16888
  -9.19044  -9.20105  -9.20785  -9.20989  -9.20895  -9.20737  -9.20673  -9.20632
  -9.20501  -9.20239  -9.20045  -9.20161  -9.20397
  -9.22113  -9.23518  -9.24419  -9.24691  -9.24568  -9.24355  -9.24264  -9.24216
  -9.24080  -9.23808  -9.23608  -9.23748  -9.24044
  -9.25337  -9.27085  -9.28207  -9.28547  -9.28395  -9.28127  -9.28008  -9.27954
  -9.27814  -9.27530  -9.27326  -9.27489  -9.27845
  -9.28735  -9.30826  -9.32170  -9.32578  -9.32397  -9.32074  -9.31928  -9.31867
  -9.31723  -9.31427  -9.31220  -9.31405  -9.31823
  -9.32148  -9.34583  -9.36148  -9.36624  -9.36414  -9.36036  -9.35862  -9.35794
  -9.35646  -9.35339  -9.35128  -9.35336  -9.35815
  -9.35754  -9.38531  -9.40318  -9.40863  -9.40623  -9.40191  -9.39989  -9.39915
  -9.39762  -9.39443  -9.39229  -9.39460  -9.39999
  -9.39362  -9.42484  -9.44491  -9.45104  -9.44835  -9.44348  -9.44118  -9.44038
  -9.43881  -9.43550  -9.43332  -9.43586  -9.44186
  -9.43063  -9.46528  -9.48757  -9.49438  -9.49139  -9.48597  -9.48341  -9.48253
  -9.48093  -9.47750  -9.47527  -9.47805  -9.48465
 ---------------------------------------------------/ Z1= 8   / DATE= 22/07/91
 -60.55753 -60.55753 -60.55753 -60.55753 -60.55753 -60.55753 -60.55753 -60.55753
 -60.55753 -60.55753 -60.55753 -60.55753 -60.55753
 -60.60730 -60.60730 -60.60730 -60.60730 -60.60730 -60.60730 -60.60730 -60.60730
 -60.60730 -60.60730 -60.60730 -60.60730 -60.60730
 -60.65758 -60.65758 -60.65758 -60.65758 -60.65758 -60.65758 -60.65758 -60.65758
 -60.65758 -60.65758 -60.65758 -60.65758 -60.65758
 -60.70775 -60.70534 -60.70667 -60.71324 -60.71883 -60.71230 -60.68506 -60.65810
 -60.67079 -60.75142 -60.80135 -60.64259 -60.11263
 -57.93555 -57.93329 -57.93456 -57.94075 -57.94597 -57.93977 -57.91405 -57.88849
 -57.90005 -57.97528 -58.02121 -57.87024 -57.36916
 -48.04431 -48.04222 -48.04340 -48.04919 -48.05409 -48.04822 -48.02402 -47.99985
 -48.01028 -48.08009 -48.12202 -47.97884 -47.50667
 -40.18112 -40.17918 -40.18030 -40.18571 -40.19025 -40.18469 -40.16202 -40.13924
 -40.14854 -40.21294 -40.25090 -40.11549 -39.67220
 -33.92812 -33.92635 -33.92740 -33.93242 -33.93660 -33.93140 -33.91022 -33.88884
 -33.89702 -33.95601 -33.98996 -33.86235 -33.44795
 -28.95860 -28.95699 -28.95798 -28.96260 -28.96642 -28.96156 -28.94189 -28.92191
 -28.92896 -28.98254 -29.01250 -28.89265 -28.50716
 -25.00218 -25.00073 -25.00163 -25.00587 -25.00935 -25.00482 -24.98666 -24.96808
 -24.97400 -25.02217 -25.04814 -24.93608 -24.57948
 -21.85698 -21.85568 -21.85654 -21.86037 -21.86351 -21.85930 -21.84267 -21.82549
 -21.83028 -21.87302 -21.89500 -21.79073 -21.46301
 -19.35262 -19.35149 -19.35225 -19.35571 -19.35849 -19.35461 -19.33951 -19.32372
 -19.32738 -19.36472 -19.38269 -19.28621 -18.98738
 -17.31606 -17.31509 -17.31580 -17.31886 -17.32129 -17.31776 -17.30414 -17.28975
 -17.29230 -17.32428 -17.33832 -17.24960 -16.97960
 -15.73283 -15.73202 -15.73266 -15.73533 -15.73739 -15.73417 -15.72204 -15.70906
 -15.71064 -15.73754 -15.74793 -15.66704 -15.42530
 -14.45967 -14.45902 -14.45959 -14.46185 -14.46351 -14.46057 -14.44987 -14.43835
 -14.43921 -14.46168 -14.46906 -14.39599 -14.18141
 -13.43890 -13.43841 -13.43890 -13.44073 -13.44197 -13.43924 -13.42990 -13.41988
 -13.42045 -13.43942 -13.44476 -13.37956 -13.19045
 -12.61439 -12.61406 -12.61446 -12.61586 -12.61665 -12.61407 -12.60598 -12.59749
 -12.59826 -12.61489 -12.61937 -12.56205 -12.39622
 -11.95861 -11.95841 -11.95874 -11.95977 -11.96019 -11.95776 -11.95078 -11.94373
 -11.94492 -11.96003 -11.96449 -11.91483 -11.77005
 -11.42946 -11.42933 -11.42961 -11.43044 -11.43071 -11.42853 -11.42249 -11.41655
 -11.41804 -11.43196 -11.43676 -11.39426 -11.26838
 -11.00612 -11.00597 -11.00625 -11.00711 -11.00753 -11.00575 -11.00045 -10.99519
 -10.99661 -11.00926 -11.01429 -10.97819 -10.86916
 -10.66555 -10.66534 -10.66564 -10.66666 -10.66738 -10.66606 -10.66134 -10.65646
 -10.65752 -10.66882 -10.67389 -10.64335 -10.54913
 -10.39147 -10.39121 -10.39153 -10.39266 -10.39363 -10.39268 -10.38845 -10.38386
 -10.38454 -10.39448 -10.39939 -10.37352 -10.29214
 -10.16941 -10.16914 -10.16944 -10.17053 -10.17150 -10.17073 -10.16696 -10.16277
 -10.16321 -10.17191 -10.17645 -10.15435 -10.08389
  -9.98716  -9.98693  -9.98718  -9.98808  -9.98886  -9.98814  -9.98480  -9.98114
  -9.98152  -9.98911  -9.99312  -9.97404  -9.91283
  -9.84164  -9.84148  -9.84166  -9.84232  -9.84284  -9.84210  -9.83922  -9.83616
  -9.83662  -9.84324  -9.84667  -9.83002  -9.77664
  -9.72125  -9.72114  -9.72127  -9.72172  -9.72200  -9.72128  -9.71890  -9.71650
  -9.71712  -9.72293  -9.72579  -9.71116  -9.66450
  -9.62342  -9.62334  -9.62344  -9.62376  -9.62394  -9.62335  -9.62150  -9.61975
  -9.62058  -9.62572  -9.62812  -9.61525  -9.57443
  -9.54212  -9.54206  -9.54213  -9.54241  -9.54259  -9.54218  -9.54080  -9.53957
  -9.54054  -9.54511  -9.54715  -9.53583  -9.50003
  -9.47625  -9.47618  -9.47626  -9.47654  -9.47677  -9.47650  -9.47539  -9.47441
  -9.47534  -9.47937  -9.48115  -9.47120  -9.43962
  -9.42251  -9.42244  -9.42253  -9.42284  -9.42311  -9.42287  -9.42176  -9.42067
  -9.42129  -9.42477  -9.42635  -9.41759  -9.38948
  -9.37986  -9.37977  -9.37987  -9.38021  -9.38051  -9.38024  -9.37899  -9.37762
  -9.37779  -9.38070  -9.38208  -9.37428  -9.34902
  -9.34775  -9.34767  -9.34776  -9.34811  -9.34840  -9.34810  -9.34677  -9.34522
  -9.34505  -9.34739  -9.34845  -9.34134  -9.31849
  -9.32331  -9.32324  -9.32332  -9.32362  -9.32387  -9.32359  -9.32242  -9.32103
  -9.32075  -9.32254  -9.32307  -9.31636  -9.29564
  -9.30627  -9.30622  -9.30628  -9.30649  -9.30667  -9.30647  -9.30564  -9.30466
  -9.30448  -9.30574  -9.30562  -9.29911  -9.28035
  -9.29585  -9.29582  -9.29585  -9.29596  -9.29606  -9.29596  -9.29553  -9.29506
  -9.29506  -9.29584  -9.29504  -9.28868  -9.27177
  -9.29073  -9.29072  -9.29073  -9.29075  -9.29077  -9.29075  -9.29067  -9.29063
  -9.29079  -9.29113  -9.28977  -9.28363  -9.26858
  -9.29073  -9.29074  -9.29073  -9.29069  -9.29066  -9.29068  -9.29081  -9.29100
  -9.29118  -9.29114  -9.28941  -9.28368  -9.27055
  -9.29585  -9.29586  -9.29585  -9.29578  -9.29572  -9.29575  -9.29593  -9.29617
  -9.29624  -9.29585  -9.29389  -9.28872  -9.27750
  -9.30540  -9.30540  -9.30540  -9.30534  -9.30526  -9.30528  -9.30542  -9.30556
  -9.30540  -9.30466  -9.30252  -9.29795  -9.28860
  -9.31785  -9.31786  -9.31785  -9.31782  -9.31778  -9.31778  -9.31782  -9.31775
  -9.31728  -9.31612  -9.31382  -9.30983  -9.30222
  -9.33348  -9.33348  -9.33348  -9.33350  -9.33351  -9.33349  -9.33338  -9.33303
  -9.33218  -9.33058  -9.32809  -9.32464  -9.31869
  -9.35164  -9.35162  -9.35164  -9.35172  -9.35179  -9.35174  -9.35148  -9.35081
  -9.34955  -9.34749  -9.34481  -9.34187  -9.33753
  -9.37366  -9.37363  -9.37367  -9.37381  -9.37393  -9.37387  -9.37344  -9.37246
  -9.37076  -9.36825  -9.36537  -9.36295  -9.36020
  -9.39686  -9.39682  -9.39686  -9.39707  -9.39725  -9.39717  -9.39656  -9.39526
  -9.39316  -9.39017  -9.38710  -9.38519  -9.38404
  -9.42251  -9.42245  -9.42252  -9.42278  -9.42303  -9.42293  -9.42215  -9.42053
  -9.41800  -9.41456  -9.41130  -9.40990  -9.41034
  -9.44977  -9.44969  -9.44978  -9.45009  -9.45040  -9.45029  -9.44934  -9.44740
  -9.44444  -9.44055  -9.43709  -9.43621  -9.43825
  -9.47756  -9.47748  -9.47758  -9.47795  -9.47832  -9.47818  -9.47707  -9.47482
  -9.47143  -9.46708  -9.46342  -9.46305  -9.46669
  -9.50864  -9.50854  -9.50866  -9.50910  -9.50952  -9.50937  -9.50809  -9.50551
  -9.50171  -9.49689  -9.49304  -9.49319  -9.49842
  -9.54061  -9.54050  -9.54063  -9.54112  -9.54161  -9.54144  -9.53999  -9.53709
  -9.53286  -9.52759  -9.52354  -9.52420  -9.53104
  -9.57187  -9.57174  -9.57189  -9.57244  -9.57298  -9.57279  -9.57118  -9.56797
  -9.56332  -9.55758  -9.55334  -9.55451  -9.56293
  -9.60555  -9.60541  -9.60558  -9.60619  -9.60679  -9.60658  -9.60480  -9.60126
  -9.59619  -9.59000  -9.58556  -9.58725  -9.59727
 ---------------------------------------------------/ Z1= 9   / DATE= 22/07/91
 -74.48811 -74.48811 -74.48811 -74.48811 -74.48811 -74.48811 -74.48811 -74.48811
 -74.48811 -74.48811 -74.48811 -74.48811 -74.48811
 -74.63828 -74.63828 -74.63828 -74.63828 -74.63828 -74.63828 -74.63828 -74.63828
 -74.63828 -74.63828 -74.63828 -74.63828 -74.63828
 -74.78781 -74.78781 -74.78781 -74.78781 -74.78781 -74.78781 -74.78781 -74.78781
 -74.78781 -74.78781 -74.78781 -74.78781 -74.78781
 -74.93930 -74.93930 -74.93930 -74.93930 -74.93930 -74.93930 -74.93930 -74.93930
 -74.93930 -74.93930 -74.93930 -74.93930 -74.93930
 -75.08830 -75.08830 -75.08830 -75.08830 -75.08830 -75.08830 -75.08830 -75.08830
 -75.08830 -75.08830 -75.08830 -75.08830 -75.08830
 -75.23883 -75.23883 -75.23883 -75.23883 -75.23883 -75.23883 -75.23883 -75.23883
 -75.23883 -75.23883 -75.23883 -75.23883 -75.23883
 -75.38828 -75.38828 -75.38828 -75.38828 -75.38828 -75.38828 -75.38828 -75.38828
 -75.38828 -75.38828 -75.38828 -75.38828 -75.38828
 -75.53911 -75.53911 -75.53911 -75.53911 -75.53911 -75.53911 -75.53911 -75.53911
 -75.53911 -75.53911 -75.53911 -75.53911 -75.53911
 -75.68825 -75.68825 -75.68825 -75.68825 -75.68825 -75.68825 -75.68825 -75.68825
 -75.68825 -75.68825 -75.68825 -75.68825 -75.68825
 -75.83864 -75.83864 -75.83864 -75.83864 -75.83864 -75.83864 -75.83864 -75.83864
 -75.83864 -75.83864 -75.83864 -75.83864 -75.83864
 -71.07007 -71.06879 -71.06902 -71.07184 -71.07704 -71.08224 -71.08492 -71.08232
 -71.07149 -71.04948 -71.01657 -70.97824 -70.93919
 -58.64781 -58.64682 -58.64700 -58.64923 -58.65338 -58.65773 -58.66040 -58.65883
 -58.64934 -58.62827 -58.59634 -58.56148 -58.53096
 -48.77469 -48.77396 -48.77408 -48.77571 -48.77882 -48.78232 -48.78500 -48.78444
 -48.77631 -48.75616 -48.72523 -48.69382 -48.67183
 -40.92812 -40.92766 -40.92773 -40.92877 -40.93085 -40.93349 -40.93617 -40.93661
 -40.92982 -40.91063 -40.88069 -40.85272 -40.83926
 -34.68825 -34.68805 -34.68810 -34.68854 -34.68956 -34.69135 -34.69403 -34.69550
 -34.69006 -34.67180 -34.64285 -34.61835 -34.61339
 -29.72585 -29.72592 -29.72591 -29.72575 -29.72574 -29.72667 -29.72935 -29.73184
 -29.72775 -29.71040 -29.68246 -29.66141 -29.66499
 -25.77989 -25.78023 -25.78017 -25.77942 -25.77837 -25.77844 -25.78113 -25.78464
 -25.78189 -25.76549 -25.73854 -25.72093 -25.73303
 -22.64397 -22.64458 -22.64445 -22.64314 -22.64108 -22.64034 -22.64302 -22.64751
 -22.64607 -22.63060 -22.60464 -22.59047 -22.61095
 -20.14874 -20.14954 -20.14940 -20.14763 -20.14479 -20.14340 -20.14610 -20.15138
 -20.15103 -20.13644 -20.11160 -20.10059 -20.12837
 -18.09799 -18.09886 -18.09871 -18.09679 -18.09366 -18.09206 -18.09477 -18.10039
 -18.10065 -18.08685 -18.06329 -18.05496 -18.08783
 -16.52144 -16.52220 -16.52206 -16.52036 -16.51762 -16.51634 -16.51906 -16.52444
 -16.52466 -16.51155 -16.48953 -16.48317 -16.51802
 -15.25104 -15.25161 -15.25151 -15.25025 -15.24830 -15.24765 -15.25038 -15.25509
 -15.25485 -15.24238 -15.22209 -15.21710 -15.25144
 -14.22841 -14.22877 -14.22871 -14.22791 -14.22675 -14.22672 -14.22934 -14.23327
 -14.23248 -14.22073 -14.20226 -14.19823 -14.23061
 -13.40012 -13.40036 -13.40031 -13.39979 -13.39910 -13.39937 -13.40177 -13.40503
 -13.40393 -13.39305 -13.37640 -13.37309 -13.40299
 -12.73755 -12.73774 -12.73770 -12.73729 -12.73675 -12.73704 -12.73914 -12.74189
 -12.74071 -12.73087 -12.71601 -12.71331 -12.74057
 -12.20482 -12.20500 -12.20497 -12.20456 -12.20400 -12.20417 -12.20594 -12.20832
 -12.20726 -12.19856 -12.18549 -12.18332 -12.20793
 -11.77469 -11.77489 -11.77485 -11.77442 -11.77380 -11.77381 -11.77531 -11.77744
 -11.77662 -11.76913 -11.75785 -11.75625 -11.77833
 -11.42829 -11.42848 -11.42844 -11.42802 -11.42740 -11.42735 -11.42867 -11.43064
 -11.43013 -11.42387 -11.41436 -11.41339 -11.43318
 -11.14752 -11.14769 -11.14766 -11.14728 -11.14672 -11.14668 -11.14790 -11.14977
 -11.14955 -11.14440 -11.13649 -11.13608 -11.15386
 -10.92082 -10.92098 -10.92095 -10.92061 -10.92012 -10.92012 -10.92128 -10.92306
 -10.92306 -10.91874 -10.91203 -10.91197 -10.92798
 -10.73518 -10.73532 -10.73530 -10.73499 -10.73455 -10.73456 -10.73566 -10.73735
 -10.73743 -10.73357 -10.72749 -10.72742 -10.74188
 -10.58670 -10.58683 -10.58681 -10.58651 -10.58609 -10.58610 -10.58714 -10.58874
 -10.58880 -10.58510 -10.57923 -10.57886 -10.59195
 -10.46597 -10.46610 -10.46607 -10.46578 -10.46537 -10.46537 -10.46636 -10.46790
 -10.46791 -10.46424 -10.45836 -10.45754 -10.46934
 -10.37059 -10.37072 -10.37070 -10.37041 -10.37000 -10.37000 -10.37097 -10.37247
 -10.37247 -10.36885 -10.36294 -10.36165 -10.37220
 -10.29499 -10.29512 -10.29509 -10.29481 -10.29441 -10.29440 -10.29535 -10.29683
 -10.29685 -10.29332 -10.28748 -10.28584 -10.29520
 -10.23582 -10.23594 -10.23592 -10.23565 -10.23526 -10.23526 -10.23617 -10.23759
 -10.23762 -10.23428 -10.22868 -10.22688 -10.23522
 -10.19044 -10.19055 -10.19053 -10.19029 -10.18995 -10.18995 -10.19077 -10.19205
 -10.19206 -10.18901 -10.18390 -10.18225 -10.18982
 -10.15677 -10.15685 -10.15684 -10.15664 -10.15636 -10.15636 -10.15704 -10.15807
 -10.15801 -10.15535 -10.15103 -10.14989 -10.15698
 -10.13253 -10.13260 -10.13258 -10.13244 -10.13222 -10.13222 -10.13273 -10.13349
 -10.13335 -10.13111 -10.12765 -10.12715 -10.13397
 -10.11748 -10.11753 -10.11753 -10.11740 -10.11725 -10.11725 -10.11764 -10.11820
 -10.11801 -10.11610 -10.11329 -10.11328 -10.11989
 -10.10958 -10.10963 -10.10962 -10.10951 -10.10935 -10.10935 -10.10972 -10.11026
 -10.11010 -10.10833 -10.10575 -10.10583 -10.11220
 -10.10791 -10.10797 -10.10796 -10.10783 -10.10766 -10.10766 -10.10808 -10.10870
 -10.10862 -10.10687 -10.10419 -10.10408 -10.11015
 -10.11182 -10.11189 -10.11187 -10.11174 -10.11154 -10.11154 -10.11201 -10.11275
 -10.11275 -10.11097 -10.10812 -10.10774 -10.11350
 -10.12033 -10.12040 -10.12039 -10.12024 -10.12003 -10.12003 -10.12053 -10.12132
 -10.12136 -10.11959 -10.11669 -10.11614 -10.12160
 -10.13371 -10.13377 -10.13376 -10.13362 -10.13341 -10.13341 -10.13391 -10.13468
 -10.13473 -10.13302 -10.13019 -10.12960 -10.13476
 -10.14997 -10.15003 -10.15002 -10.14988 -10.14969 -10.14969 -10.15015 -10.15086
 -10.15090 -10.14928 -10.14661 -10.14606 -10.15094
 -10.17005 -10.17011 -10.17010 -10.16998 -10.16981 -10.16981 -10.17022 -10.17085
 -10.17086 -10.16934 -10.16689 -10.16642 -10.17102
 -10.19314 -10.19318 -10.19318 -10.19307 -10.19292 -10.19292 -10.19328 -10.19383
 -10.19381 -10.19240 -10.19016 -10.18979 -10.19410
 -10.21824 -10.21828 -10.21828 -10.21818 -10.21805 -10.21805 -10.21836 -10.21883
 -10.21877 -10.21748 -10.21546 -10.21518 -10.21921
 -10.24489 -10.24493 -10.24492 -10.24485 -10.24474 -10.24474 -10.24500 -10.24538
 -10.24529 -10.24411 -10.24230 -10.24212 -10.24587
 -10.27409 -10.27412 -10.27412 -10.27405 -10.27396 -10.27396 -10.27418 -10.27447
 -10.27435 -10.27328 -10.27169 -10.27160 -10.27507
 ---------------------------------------------------/ Z1=10   / DATE= 22/07/91
 -74.74715 -74.74715 -74.74715 -74.74715 -74.74715 -74.74715 -74.74715 -74.74715
 -74.74715 -74.74715 -74.74715 -74.74715 -74.74715
 -74.89619 -74.89619 -74.89619 -74.89619 -74.89619 -74.89619 -74.89619 -74.89619
 -74.89619 -74.89619 -74.89619 -74.89619 -74.89619
 -75.04623 -75.04623 -75.04623 -75.04623 -75.04623 -75.04623 -75.04623 -75.04623
 -75.04623 -75.04623 -75.04623 -75.04623 -75.04623
 -75.19655 -75.19655 -75.19655 -75.19655 -75.19655 -75.19655 -75.19655 -75.19655
 -75.19655 -75.19655 -75.19655 -75.19655 -75.19655
 -75.34679 -75.34679 -75.34679 -75.34679 -75.34679 -75.34679 -75.34679 -75.34679
 -75.34679 -75.34679 -75.34679 -75.34679 -75.34679
 -75.49622 -75.49622 -75.49622 -75.49622 -75.49622 -75.49622 -75.49622 -75.49622
 -75.49622 -75.49622 -75.49622 -75.49622 -75.49622
 -75.64589 -75.64589 -75.64589 -75.64589 -75.64589 -75.64589 -75.64589 -75.64589
 -75.64589 -75.64589 -75.64589 -75.64589 -75.64589
 -75.79588 -75.79588 -75.79588 -75.79588 -75.79588 -75.79588 -75.79588 -75.79588
 -75.79588 -75.79588 -75.79588 -75.79588 -75.79588
 -75.94691 -75.94691 -75.94691 -75.94691 -75.94691 -75.94691 -75.94691 -75.94691
 -75.94691 -75.94691 -75.94691 -75.94691 -75.94691
 -76.09637 -76.09637 -76.09637 -76.09637 -76.09637 -76.09637 -76.09637 -76.09637
 -76.09637 -76.09637 -76.09637 -76.09637 -76.09637
 -76.24641 -76.24641 -76.24641 -76.24641 -76.24641 -76.24641 -76.24641 -76.24641
 -76.24641 -76.24641 -76.24641 -76.24641 -76.24641
 -65.65169 -65.65143 -65.65137 -65.65169 -65.65234 -65.65233 -65.65036 -65.64497
 -65.63399 -65.61496 -65.58313 -65.52423 -65.42162
 -54.41341 -54.41321 -54.41316 -54.41341 -54.41391 -54.41385 -54.41226 -54.40782
 -54.39801 -54.38000 -54.34932 -54.29483 -54.20378
 -45.48018 -45.48006 -45.48001 -45.48018 -45.48051 -45.48042 -45.47922 -45.47571
 -45.46709 -45.45010 -45.42056 -45.37048 -45.29099
 -38.37987 -38.37979 -38.37978 -38.37987 -38.38004 -38.37991 -38.37907 -38.37650
 -38.36906 -38.35310 -38.32471 -38.27905 -38.21111
 -32.73518 -32.73518 -32.73518 -32.73518 -32.73520 -32.73506 -32.73457 -32.73294
 -32.72668 -32.71175 -32.68449 -32.64326 -32.58687
 -28.24641 -28.24646 -28.24649 -28.24641 -28.24626 -28.24608 -28.24599 -28.24527
 -28.24022 -28.22629 -28.20020 -28.16338 -28.11852
 -24.67778 -24.67789 -24.67792 -24.67778 -24.67746 -24.67726 -24.67752 -24.67775
 -24.67389 -24.66100 -24.63603 -24.60362 -24.57031
 -21.83864 -21.83881 -21.83885 -21.83864 -21.83815 -21.83791 -21.83855 -21.83971
 -21.83701 -21.82512 -21.80130 -21.77327 -21.75134
 -19.58502 -19.58527 -19.58531 -19.58502 -19.58437 -19.58408 -19.58504 -19.58702
 -19.58543 -19.57452 -19.55186 -19.52791 -19.51642
 -17.72354 -17.72383 -17.72391 -17.72354 -17.72273 -17.72235 -17.72354 -17.72620
 -17.72554 -17.71558 -17.69405 -17.67361 -17.67070
 -16.29158 -16.29193 -16.29202 -16.29158 -16.29060 -16.29012 -16.29140 -16.29451
 -16.29457 -16.28546 -16.26508 -16.24741 -16.25052
 -15.14448 -15.14488 -15.14498 -15.14448 -15.14338 -15.14277 -15.14407 -15.14742
 -15.14797 -15.13960 -15.12036 -15.10487 -15.11188
 -14.20482 -14.20523 -14.20533 -14.20482 -14.20366 -14.20301 -14.20428 -14.20766
 -14.20846 -14.20072 -14.18265 -14.16895 -14.17847
 -13.45469 -13.45508 -13.45518 -13.45469 -13.45361 -13.45300 -13.45422 -13.45748
 -13.45830 -13.45108 -13.43421 -13.42214 -13.43334
 -12.85387 -12.85421 -12.85430 -12.85387 -12.85291 -12.85240 -12.85359 -12.85662
 -12.85735 -12.85056 -12.83488 -12.82427 -12.83655
 -12.37059 -12.37089 -12.37097 -12.37059 -12.36977 -12.36937 -12.37051 -12.37330
 -12.37392 -12.36755 -12.35302 -12.34367 -12.35650
 -11.97881 -11.97908 -11.97915 -11.97881 -11.97805 -11.97771 -11.97879 -11.98142
 -11.98202 -11.97611 -11.96264 -11.95431 -11.96724
 -11.66555 -11.66583 -11.66590 -11.66555 -11.66477 -11.66438 -11.66541 -11.66800
 -11.66874 -11.66336 -11.65085 -11.64328 -11.65596
 -11.41117 -11.41147 -11.41155 -11.41117 -11.41032 -11.40985 -11.41083 -11.41345
 -11.41442 -11.40959 -11.39794 -11.39093 -11.40316
 -11.20412 -11.20444 -11.20452 -11.20412 -11.20323 -11.20271 -11.20367 -11.20633
 -11.20751 -11.20317 -11.19226 -11.18571 -11.19745
 -11.03716 -11.03746 -11.03754 -11.03716 -11.03630 -11.03581 -11.03678 -11.03943
 -11.04071 -11.03673 -11.02647 -11.02036 -11.03168
 -10.90309 -10.90336 -10.90343 -10.90309 -10.90232 -10.90192 -10.90290 -10.90547
 -10.90674 -10.90301 -10.89333 -10.88764 -10.89862
 -10.79588 -10.79612 -10.79618 -10.79588 -10.79521 -10.79491 -10.79588 -10.79830
 -10.79945 -10.79587 -10.78671 -10.78143 -10.79211
 -10.70997 -10.71018 -10.71023 -10.70997 -10.70939 -10.70915 -10.71006 -10.71225
 -10.71321 -10.70973 -10.70104 -10.69617 -10.70655
 -10.64207 -10.64225 -10.64229 -10.64207 -10.64155 -10.64134 -10.64216 -10.64410
 -10.64486 -10.64144 -10.63319 -10.62866 -10.63875
 -10.59007 -10.59025 -10.59029 -10.59007 -10.58960 -10.58939 -10.59012 -10.59187
 -10.59246 -10.58912 -10.58125 -10.57702 -10.58674
 -10.55129 -10.55146 -10.55151 -10.55129 -10.55083 -10.55061 -10.55129 -10.55295
 -10.55349 -10.55028 -10.54276 -10.53871 -10.54798
 -10.52288 -10.52306 -10.52310 -10.52288 -10.52241 -10.52219 -10.52287 -10.52456
 -10.52521 -10.52221 -10.51498 -10.51099 -10.51973
 -10.50307 -10.50325 -10.50329 -10.50307 -10.50257 -10.50235 -10.50305 -10.50483
 -10.50562 -10.50286 -10.49592 -10.49196 -10.50013
 -10.49214 -10.49232 -10.49236 -10.49214 -10.49165 -10.49143 -10.49214 -10.49392
 -10.49478 -10.49221 -10.48557 -10.48171 -10.48937
 -10.48812 -10.48828 -10.48832 -10.48812 -10.48767 -10.48747 -10.48812 -10.48975
 -10.49049 -10.48802 -10.48173 -10.47811 -10.48539
 -10.48946 -10.48960 -10.48964 -10.48946 -10.48908 -10.48890 -10.48947 -10.49086
 -10.49139 -10.48894 -10.48303 -10.47972 -10.48669
 -10.49621 -10.49633 -10.49636 -10.49621 -10.49588 -10.49573 -10.49621 -10.49739
 -10.49774 -10.49533 -10.48975 -10.48671 -10.49342
 -10.50724 -10.50736 -10.50738 -10.50724 -10.50694 -10.50680 -10.50724 -10.50832
 -10.50861 -10.50628 -10.50097 -10.49811 -10.50453
 -10.52288 -10.52299 -10.52302 -10.52288 -10.52257 -10.52243 -10.52287 -10.52396
 -10.52429 -10.52209 -10.51700 -10.51420 -10.52031
 -10.54212 -10.54224 -10.54227 -10.54212 -10.54180 -10.54165 -10.54212 -10.54328
 -10.54372 -10.54169 -10.53676 -10.53398 -10.53975
 -10.56384 -10.56397 -10.56400 -10.56384 -10.56350 -10.56334 -10.56384 -10.56510
 -10.56571 -10.56385 -10.55907 -10.55628 -10.56170
 -10.58838 -10.58852 -10.58855 -10.58838 -10.58801 -10.58784 -10.58838 -10.58976
 -10.59052 -10.58884 -10.58421 -10.58139 -10.58647
 -10.61439 -10.61453 -10.61457 -10.61439 -10.61399 -10.61381 -10.61439 -10.61588
 -10.61680 -10.61530 -10.61082 -10.60798 -10.61271
 -10.64397 -10.64412 -10.64416 -10.64397 -10.64354 -10.64335 -10.64397 -10.64556
 -10.64665 -10.64533 -10.64099 -10.63813 -10.64252
 
C---------------------------------------------------------------------------------
C ADAS ADF11 DATA - SCCS info: @(#)$Header: /home/adascvs/adas/adf11/scd85/scd85_ne.dat,v 2.1 2004/07/07 00:11:20 whitefor Exp $ Date $Date: 2004/07/07 00:11:20 $
C---------------------------------------------------------------------------------

C-----------------------------------------------------------------------
C                               OPEN-ADAS
C                               +++++++++
C
C This file has been downloaded from OPEN-ADAS (http://open.adas.ac.uk)
C on 12-Feb-2019.
C
C TERMS AND CONDITIONS
C --------------------
C
C The user of the OPEN-ADAS system and data (hereinafter "the User")
C accepts the following terms and conditions:
C
C   1. The University of Strathclyde uses all reasonable endeavours to
C      ensure the accuracy of the data provided and any information
C      given, but the University makes no warranty, expressed or implied
C      as to its accuracy, integrity, fitness for purpose and shall not
C      be responsible for the use to which the data is put by the User
C      and/or any consequences arising out of any inaccuracies or
C      omissions.
C
C   2. Any downloaded OPEN-ADAS file is made available for the
C      personal use of the User only.  It must not be used for any
C      commercial application, incorporated into any web site or in
C      any form re-distributed without express prior written permission
C      from the ADAS Project. In particular, but not by way of
C      limitation, it must not be:
C        *  inserted into a managed database structure,
C        *  redistributed along with a modelling or analysis code,
C        *  made available on a public website.
C
C Permission for OPEN-ADAS data incorporation in non-commercial
C code/system development for scientific advance will not be
C unreasonably withheld, but will be subject to written agreement
C on a case by case basis.
C
C The User will indemnify the University of Strathclyde and keep it
C fully and effectively indemnified against each and every claim made
C against the University as a result of the User's use of the data.
C
C-----------------------------------------------------------------------
