-0.001535 -0.002033 -0.002638 8210.984093 930.293515 -5245.806499 4.000000
-0.002213 -0.002679 -0.003824 8813.404669 1667.569949 -5045.497012 4.000000
-0.000324 -0.002893 -0.000556 7289.164771 3152.736919 -3930.510111 4.000000
-0.001299 -0.002296 -0.002239 9256.867041 408.677381 -4398.275640 4.000000
-0.002181 -0.003499 -0.003760 8168.254437 2646.245555 -5788.324177 4.000000
-0.001428 -0.002445 -0.002459 9281.274572 2155.589852 -5431.064507 4.000000
-0.000298 -0.002019 -0.000510 9256.903895 701.648500 -4299.431158 5.000000
-0.000010 -0.000000 -0.000011 1475.723434 -3.415539 -2716.237488 4.000000
-0.000430 -0.002085 -0.000734 8342.807908 3490.666528 -4296.834329 4.000000
-0.000326 -0.006190 -0.000555 7898.421384 10.635554 -2989.125485 3.000000
0.000004 -0.002541 0.000009 7738.487896 2394.514543 -3470.192280 4.000000
-0.000267 -0.004628 -0.000461 7609.775933 2755.833130 -3978.729647 4.000000
-0.005576 -0.005983 -0.009635 8599.567465 -920.796489 -6439.382296 5.000000
-0.000157 -0.002856 -0.000255 7181.795602 980.043933 -2873.894162 3.000000
-0.003280 -0.002223 -0.005671 9239.197878 1015.397131 -5907.805707 4.000000
-0.000019 -0.000000 -0.000032 3533.257841 7.224576 -3875.457006 3.000000
-0.000867 -0.003075 -0.001499 8341.992128 3389.208326 -5755.996282 4.000000
-0.001840 -0.004894 -0.003178 8531.903292 1515.063921 -5008.784107 5.000000
-0.000041 -0.000001 -0.000063 3840.270900 -2.943046 -4050.733600 4.000000
-0.000345 -0.004387 -0.000591 7016.028744 3161.071257 -4043.966785 4.000000
-0.000501 -0.003255 -0.000864 8840.712593 2446.787197 -4849.392214 5.000000
-0.001749 -0.002777 -0.003013 7426.536111 2193.287627 -5282.433743 4.000000
-0.000054 -0.003562 -0.000083 7824.918251 1404.460233 -2762.795604 3.000000
-0.000483 -0.002812 -0.000831 7472.455037 2732.236304 -3717.084439 4.000000
-0.000205 -0.002993 -0.000351 8187.794946 1929.262078 -3245.357713 4.000000
-0.000285 -0.002942 -0.000489 8137.332140 626.578563 -3304.254327 3.000000
0.000037 -0.002964 0.000080 7498.424262 1952.987195 -2666.790254 4.000000
-0.005436 -0.002763 -0.009405 7528.879816 1737.548198 -6038.704838 4.000000
-0.001003 -0.002620 -0.001729 8349.617816 2171.203252 -4893.016225 4.000000
-0.000035 -0.003202 -0.000052 7943.570313 1550.364497 -2711.238913 4.000000
-0.001278 -0.001422 -0.002193 7538.689451 1664.550941 -5876.834522 4.000000
-0.000587 -0.003895 -0.001004 7182.744639 1332.662845 -3256.092491 4.000000
-0.005158 -0.002595 -0.008919 9704.399789 1700.918418 -5321.273463 4.000000
-0.000856 -0.002578 -0.001482 7829.948076 3379.263258 -3992.269750 4.000000
-0.000003 -0.005928 0.000009 6042.388991 414.513941 -1624.944337 4.000000
-0.002273 -0.003107 -0.003917 7314.577452 2838.131014 -4775.639212 4.000000
-0.001321 -0.003935 -0.002266 8523.765463 520.971500 -5027.485461 5.000000
-0.000025 0.000000 -0.000036 3369.131597 15.430057 -3811.903256 3.000000
-0.000978 -0.002974 -0.001673 8442.237271 3536.745927 -4758.091188 5.000000
-0.002326 -0.002919 -0.004017 8501.450862 1003.693691 -4854.059712 3.000000
0.000004 -0.002251 0.000024 6688.131887 2772.928074 -2974.943398 4.000000
-0.000563 -0.002194 -0.000965 7405.683143 -803.733181 -3446.695948 4.000000
-0.002044 -0.002682 -0.003539 9047.550739 -139.123611 -5858.151496 4.000000
-0.000165 -0.005865 -0.000276 7165.340103 2988.705879 -3445.680543 6.000000
-0.000045 -0.002579 -0.000072 7022.667681 3519.914179 -4014.102165 4.000000
-0.001895 -0.002528 -0.003279 8707.038969 850.584917 -5325.457423 3.000000
-0.000377 -0.003124 -0.000649 8267.866631 433.952386 -3480.864978 5.000000
-0.000357 -0.005154 -0.000616 6380.949066 -21.900348 -2275.245306 5.000000
-0.002227 -0.002114 -0.003833 8183.194497 28.968321 -5139.108239 4.000000
-0.000162 -0.005171 -0.000264 7973.354851 2971.896270 -3845.073665 4.000000
-0.002552 -0.002203 -0.004416 10233.041975 1249.069845 -7654.903654 6.000000
-0.001916 -0.003661 -0.003317 9133.446694 1146.865124 -5342.247197 4.000000
-0.000846 -0.002889 -0.001445 7031.996625 3688.709094 -4516.135537 4.000000
-0.000202 -0.003043 -0.000338 6009.232504 3423.714767 -4625.628571 4.000000
-0.000358 -0.002971 -0.000603 6231.450194 3019.159089 -3760.646678 4.000000
-0.000289 -0.002894 -0.000491 7713.400211 506.863798 -3206.653100 4.000000
-0.000217 -0.002773 -0.000364 6959.910481 2977.045318 -3392.132492 4.000000
-0.002247 -0.002599 -0.003873 8860.706284 873.223885 -5387.195112 5.000000
-0.000138 -0.002982 -0.000237 7345.891583 3106.570316 -4164.280116 4.000000
-0.000302 -0.004265 -0.000506 7577.918868 3314.120379 -4332.741828 4.000000
-0.000236 -0.003186 -0.000407 8245.028691 1258.549542 -3578.337421 4.000000
-0.000229 -0.003289 -0.000389 9248.045716 1148.558573 -3926.850756 4.000000
0.000043 -0.006052 0.000088 6066.827338 321.161853 -1750.240260 4.000000
-0.000061 -0.002442 -0.000094 7584.906715 2139.635970 -2789.552332 4.000000
-0.001983 -0.004250 -0.003418 6472.681415 3891.109223 -3686.446235 4.000000
-0.004692 -0.004104 -0.008110 8987.725577 -1475.443972 -5464.274048 4.000000
-0.000461 -0.005619 -0.000785 7310.936428 1615.727109 -3075.613665 4.000000
-0.000088 -0.005450 -0.000151 8037.448447 1997.113235 -3521.405103 4.000000
-0.000205 -0.002167 -0.000352 7393.018941 2428.841950 -3958.837539 4.000000
-0.001842 -0.002464 -0.003187 9199.190575 3447.937843 -6543.196748 4.000000
-0.001256 -0.003479 -0.002169 9907.007530 2142.217659 -5588.498520 4.000000
-0.003147 -0.003144 -0.005438 8296.099384 -265.817717 -5178.643349 4.000000
-0.000302 -0.002267 -0.000523 7797.870676 2465.771231 -3960.688911 6.000000
-0.000159 -0.002957 -0.000263 7488.177585 456.066800 -3025.728544 4.000000
-0.002296 -0.005047 -0.003962 6802.084300 1158.523511 -3971.851198 3.000000
-0.000346 -0.003006 -0.000596 7940.924822 1136.304304 -3403.102391 4.000000
-0.000454 -0.005342 -0.000773 5777.009341 2.641333 -2077.528457 4.000000
-0.000429 -0.001898 -0.000728 7260.295266 3278.297285 -4974.828514 5.000000
-0.001214 -0.002535 -0.002083 7792.450037 304.651453 -4320.385791 4.000000
-0.000193 -0.003717 -0.000319 7564.177829 1597.165078 -2584.315926 4.000000
-0.000833 -0.002228 -0.001430 9191.110317 4123.507937 -5081.842071 4.000000
-0.002216 -0.004935 -0.003828 8620.034519 1047.744611 -4945.135761 4.000000
-0.001138 -0.003096 -0.001965 9342.984536 2003.425995 -4493.335928 5.000000
-0.001474 -0.002145 -0.002535 8323.445087 3427.530307 -5189.355531 4.000000
-0.005545 -0.004513 -0.009584 8968.986395 -1912.480698 -6292.760032 4.000000
-0.000139 -0.002292 -0.000233 8867.068547 2478.162776 -4145.449559 5.000000
-0.002322 -0.002070 -0.004016 8378.121837 430.062467 -5672.415029 4.000000
-0.000224 -0.003775 -0.000382 7516.028311 3043.459088 -3708.827536 4.000000
-0.000022 -0.002440 -0.000028 7335.852946 2412.226485 -3257.303435 4.000000
-0.000063 -0.005018 -0.000099 7167.865525 2765.800043 -3267.730132 3.000000
-0.001397 -0.005269 -0.002405 8647.778335 2692.164792 -5548.205036 4.000000
-0.000978 -0.001974 -0.001690 9311.840311 2583.450459 -4416.514003 4.000000
-0.001511 -0.005414 -0.002611 9968.003629 2165.381688 -5449.759931 4.000000
-0.000142 -0.006017 -0.000242 8227.572247 1436.761784 -3026.401559 4.000000
-0.000129 -0.002635 -0.000214 8601.933763 2739.578653 -4425.067391 4.000000
-0.000571 -0.002477 -0.000988 9126.043665 3394.382658 -5121.823435 4.000000
-0.000042 -0.001885 -0.000057 7607.909588 3242.467341 -4282.509644 5.000000
-0.000106 -0.003338 -0.000167 7705.401098 931.736994 -2320.894408 4.000000
0.000130 -0.002664 0.000234 8528.868698 2989.842133 -4239.485535 4.000000
-0.001914 -0.003223 -0.003314 10583.513204 952.230507 -5558.671268 4.000000
-0.000359 -0.003831 -0.000609 7140.279543 2209.949437 -3294.796565 4.000000
-0.000280 -0.002870 -0.000476 7275.360741 2480.983130 -3429.360781 4.000000
-0.002000 -0.004985 -0.003457 9391.571448 1015.175249 -4483.968659 4.000000
-0.002306 -0.002325 -0.003982 8978.545200 1600.914783 -5808.454244 4.000000
-0.001047 -0.003379 -0.001802 7768.628555 3456.363556 -4980.230441 4.000000
-0.000990 -0.004812 -0.001703 8620.793373 1552.487481 -4742.832187 6.000000
-0.002309 -0.003269 -0.003992 9065.472270 -71.584697 -6369.669027 4.000000
-0.002662 -0.001431 -0.004594 9006.944566 2496.439942 -5334.712239 4.000000
-0.000703 -0.002630 -0.001203 7613.620905 1799.694523 -4961.581758 4.000000
-0.004922 -0.002607 -0.008515 7852.903111 -1335.000622 -5811.038777 3.000000
-0.000445 -0.001846 -0.000764 6680.151593 3472.387421 -4535.552528 4.000000
-0.000004 0.000000 -0.000005 358.675493 8.309996 -2075.060116 4.000000
-0.000051 -0.003069 -0.000072 7405.863556 1678.915427 -2480.608305 4.000000
-0.000235 -0.002214 -0.000404 8980.664451 2330.392782 -4568.418688 4.000000
-0.000403 -0.002317 -0.000690 7925.833707 3416.513783 -5274.908717 4.000000
-0.000981 -0.002576 -0.001696 7796.816394 2536.518236 -4048.214840 4.000000
-0.000033 -0.000000 -0.000053 3929.243130 -1.922369 -4129.517579 4.000000
-0.000217 -0.001524 -0.000356 7303.434185 3348.357405 -4172.623504 4.000000
-0.000347 -0.002855 -0.000588 6760.779622 3328.428571 -3511.403938 5.000000
-0.000148 -0.002291 -0.000256 7937.931559 2455.523445 -3779.634435 5.000000
-0.000174 -0.003137 -0.000284 7091.995030 2402.803900 -2789.553491 4.000000
-0.000191 -0.003065 -0.000316 7524.326104 1064.470228 -2818.868885 4.000000
-0.002045 -0.002740 -0.003537 9907.897816 2095.731843 -5450.967927 6.000000
-0.004833 -0.002326 -0.008367 8702.561459 -83.983485 -6016.961735 4.000000
-0.000175 -0.002480 -0.000286 7643.537273 3146.756628 -4078.333331 4.000000
-0.001632 -0.003562 -0.002819 8446.886038 3819.185686 -5108.946610 4.000000
0.000192 -0.001624 0.000334 8607.720780 3734.145805 -4792.079752 5.000000
-0.000702 -0.002167 -0.001205 8772.921734 1767.261666 -5546.916854 4.000000
-0.000264 -0.003043 -0.000442 7454.634411 868.289321 -2929.377722 4.000000
-0.000478 -0.000605 -0.000820 6164.229862 2998.773456 -5174.681876 4.000000
-0.000210 -0.002955 -0.000352 8527.946979 2439.974350 -3920.493579 4.000000
-0.000309 -0.002869 -0.000527 7191.393549 2807.787591 -3716.710811 3.000000
-0.003448 -0.003771 -0.005963 8587.999010 873.275582 -5044.468859 4.000000
-0.001994 -0.003612 -0.003448 9642.749853 2139.023178 -4564.039576 4.000000
-0.000199 -0.002974 -0.000342 7408.694529 3219.935338 -4069.769178 3.000000
-0.001298 -0.004751 -0.002233 8345.702150 1470.922063 -4296.741355 3.000000
-0.001732 -0.003716 -0.002996 8875.986189 2924.891714 -5209.460691 5.000000
-0.003928 -0.002828 -0.006786 8218.231530 -888.042573 -6406.513767 5.000000
-0.000258 -0.002857 -0.000436 8541.056478 1769.393204 -4123.905761 4.000000
-0.002306 -0.004140 -0.003971 8283.485093 1730.809392 -5147.148713 5.000000
-0.000515 -0.002396 -0.000881 7218.542092 492.922504 -3446.902450 3.000000
-0.001381 -0.002982 -0.002377 8478.952787 629.979245 -4145.840253 4.000000
-0.001398 -0.002749 -0.002406 6436.662928 2447.993352 -6048.260875 5.000000
-0.001805 -0.002471 -0.003115 8899.051439 3150.390666 -6217.427435 4.000000
-0.001249 -0.002408 -0.002158 10439.286188 2773.809711 -4765.792337 4.000000
0.000046 -0.006185 0.000098 7515.353983 202.722812 -2343.831067 4.000000
-0.000496 -0.002830 -0.000837 8677.325065 3674.484267 -4590.225625 4.000000
-0.000338 -0.003556 -0.000570 7157.877239 2329.599063 -3019.900267 4.000000
-0.001225 -0.001693 -0.002119 9296.197233 4249.813953 -6733.277568 4.000000
-0.001479 -0.003512 -0.002558 8319.468589 2603.529180 -5499.595174 4.000000
-0.000476 -0.003800 -0.000809 8213.687715 2750.676975 -3812.480756 3.000000
-0.000200 -0.002157 -0.000346 9580.516823 1671.507465 -4756.660318 3.000000
-0.002349 -0.003419 -0.004052 9335.738198 2135.081895 -5126.056068 4.000000
-0.002842 -0.002932 -0.004916 9673.489848 692.163801 -5969.909037 4.000000
-0.001085 -0.001316 -0.001877 8370.857462 2740.384735 -5664.296826 5.000000
-0.000499 -0.001557 -0.000845 6477.882657 2783.359071 -5407.556852 4.000000
-0.000212 -0.003122 -0.000361 8031.506402 1007.856100 -3444.444328 5.000000
-0.000158 -0.003399 -0.000268 8236.492103 933.220029 -3293.531982 4.000000
-0.000006 0.000000 -0.000010 1458.314077 1.561851 -2712.422025 4.000000
-0.004544 -0.003423 -0.007854 8740.023794 849.967573 -5735.642135 4.000000
0.000133 -0.005101 0.000244 7125.128516 2322.585941 -2803.637179 4.000000
-0.001041 -0.002613 -0.001782 8016.410407 3706.045304 -5437.553824 4.000000
-0.010667 -0.003108 -0.018467 6993.577079 -437.769007 -11650.058699 5.000000
-0.000719 -0.005378 -0.001233 8443.745607 1151.694194 -4416.320349 3.000000
-0.000197 -0.002438 -0.000333 7366.251702 2163.645548 -3408.305984 3.000000
-0.000102 -0.002553 -0.000168 9031.455686 1906.438631 -3828.745129 4.000000
-0.001364 -0.004075 -0.002350 8084.436654 1429.867189 -4878.360768 5.000000
-0.001055 -0.001664 -0.001825 8876.310398 3368.177138 -5279.774583 4.000000
-0.001287 -0.003160 -0.002210 7421.485085 1617.657347 -4379.492063 4.000000
-0.001556 -0.002886 -0.002672 8021.399076 956.035921 -5486.406101 4.000000
-0.000254 -0.006537 -0.000432 6324.607624 325.003945 -1936.231788 4.000000
-0.000323 -0.003465 -0.000543 7472.453820 818.924644 -2972.903558 5.000000
-0.000084 -0.003024 -0.000140 7225.214333 3512.758837 -3830.902034 3.000000
-0.003304 -0.003032 -0.005707 8233.030150 1381.823677 -6221.000552 4.000000
-0.000119 -0.003227 -0.000194 7661.465701 1645.436315 -2726.691050 4.000000
-0.000330 -0.002355 -0.000559 6814.934342 2836.643370 -3578.176720 5.000000
-0.000237 -0.006390 -0.000395 7454.140918 1312.534626 -2726.230783 4.000000
-0.000726 -0.002234 -0.001253 8816.808433 1891.132262 -4992.011364 4.000000
-0.000095 -0.000010 -0.000161 4401.596242 -108.641462 -4387.976808 5.000000
-0.001502 -0.004092 -0.002587 9243.718146 3007.881342 -5107.772724 4.000000
-0.001343 -0.005582 -0.002323 9030.936162 1184.961511 -5362.729192 3.000000
-0.003309 -0.003368 -0.005717 9302.038096 2454.675034 -5715.683848 4.000000
-0.000466 -0.002420 -0.000801 8360.304625 2699.577348 -5022.495507 4.000000
-0.001594 -0.003498 -0.002757 7427.515617 1776.785823 -4400.258100 4.000000
-0.005164 -0.002264 -0.008932 7795.317471 -620.525064 -5460.670464 3.000000
-0.000188 -0.002924 -0.000325 8335.905162 231.101794 -3444.818819 4.000000
-0.003332 -0.001905 -0.005748 7905.866016 -96.872103 -5432.639750 4.000000
-0.002823 -0.002904 -0.004881 8393.458571 768.536474 -4841.172104 3.000000
-0.000294 -0.003233 -0.000505 9116.349251 2156.188909 -4332.258679 4.000000
-0.002419 -0.004417 -0.004176 9168.354696 2185.829318 -5753.066428 4.000000
0.000040 -0.006459 0.000074 8367.596776 609.604436 -2935.993810 3.000000
-0.002716 -0.004443 -0.004682 6905.562261 2803.322232 -6771.637962 5.000000
-0.001493 -0.005463 -0.002575 8581.097159 2117.678859 -4650.899954 3.000000
-0.000752 -0.002067 -0.001295 8749.838995 875.938813 -4638.210951 4.000000
-0.003269 -0.002931 -0.005650 9465.985702 -225.957729 -6112.021675 4.000000
-0.000043 -0.002521 -0.000056 8115.882610 2343.132406 -3554.947560 4.000000
-0.003273 -0.004414 -0.005651 8235.556631 3293.873280 -5997.178122 4.000000
-0.000207 -0.002765 -0.000349 7592.674715 1880.624905 -3017.846153 3.000000
-0.000017 -0.000000 -0.000025 3060.141367 -10.351908 -3620.867337 4.000000
-0.001798 -0.002032 -0.003101 8745.153758 1638.263120 -5848.043467 4.000000
-0.002172 -0.002570 -0.003740 8154.882439 435.693301 -5711.095821 6.000000
-0.000100 -0.002298 -0.000165 7422.604938 3181.845124 -3241.618293 4.000000
-0.000695 -0.002150 -0.001188 6382.704189 3511.135697 -3622.753444 3.000000
-0.000181 -0.002481 -0.000303 6814.678455 2840.207597 -3714.867021 3.000000
0.000029 -0.003749 0.000070 7496.308010 3867.982000 -3821.334852 4.000000
-0.001917 -0.001201 -0.003305 5794.626644 3943.107599 -4418.450944 5.000000
0.000146 -0.005975 0.000263 7924.834183 1311.385369 -2627.109863 4.000000
-0.000189 -0.003284 -0.000325 9615.983550 1567.712319 -4076.531349 4.000000
-0.000389 -0.003498 -0.000664 7726.810874 1459.825615 -3434.001993 4.000000
-0.000130 -0.003275 -0.000215 8023.796548 639.725781 -2846.945013 4.000000
-0.000896 -0.001762 -0.001537 7461.197430 3257.582446 -4890.200989 4.000000
-0.000105 -0.002876 -0.000181 9611.880307 2259.843839 -4337.293819 5.000000
-0.000599 -0.001590 -0.001028 6385.963643 3378.604594 -4597.713997 4.000000
0.000008 -0.002799 0.000016 7832.190207 3275.771261 -3470.507796 3.000000
-0.003499 -0.004160 -0.006043 7809.309234 -1719.137790 -4834.119402 4.000000
-0.000046 -0.002502 -0.000064 7123.840483 1934.212376 -2778.488004 6.000000
-0.000176 -0.002911 -0.000292 7300.708694 1822.501201 -3147.276916 6.000000
-0.003676 -0.002350 -0.006352 8811.511304 -636.960845 -6186.826273 4.000000
-0.001384 -0.002236 -0.002392 9051.226092 278.917052 -4786.780940 4.000000
-0.001584 -0.002548 -0.002727 8935.778888 891.478371 -5274.509133 5.000000
-0.000410 -0.002154 -0.000707 9334.812299 3496.880986 -4388.923045 3.000000
0.000000 -0.002855 0.000009 7468.359047 2166.712624 -3276.101233 4.000000
-0.000315 -0.000795 -0.000530 7875.661360 3329.691379 -5940.272925 4.000000
-0.000171 -0.003143 -0.000295 8578.880191 674.282721 -3132.122674 5.000000
-0.000034 -0.006188 -0.000059 9834.550512 1389.149763 -3882.120796 3.000000
-0.002910 -0.003110 -0.005028 8533.695050 22.991136 -4929.477838 6.000000
-0.004011 -0.003598 -0.006928 8789.283197 1458.759959 -5139.051317 4.000000
-0.002539 -0.002770 -0.004388 9497.721763 -152.560552 -5716.282515 4.000000
-0.003076 -0.004138 -0.005323 8527.027612 3013.240562 -5446.759723 4.000000
-0.001183 -0.002763 -0.002030 7426.889579 3035.944770 -4273.850887 4.000000
-0.000042 -0.000001 -0.000063 3746.323132 -19.026373 -4029.268209 5.000000
-0.003914 -0.002044 -0.006776 7897.553566 3778.629728 -6244.784995 3.000000
-0.003581 -0.003350 -0.006192 9039.419782 -914.465741 -6892.089011 4.000000
-0.001121 -0.002134 -0.001932 8181.557493 3032.965395 -4412.934118 4.000000
-0.000051 -0.003522 -0.000070 7614.097377 239.207122 -2404.018170 4.000000
-0.001375 -0.004240 -0.002361 7714.335995 1845.819517 -4047.457739 4.000000
-0.000373 -0.002981 -0.000640 9143.086713 1711.554308 -4358.618323 4.000000
-0.000174 -0.003255 -0.000284 8764.864167 283.887112 -3300.203418 5.000000
-0.000271 -0.004858 -0.000460 6956.621602 2946.984790 -3580.238192 6.000000
-0.000266 -0.004535 -0.000459 7732.501258 2596.345359 -3817.331910 4.000000
-0.004780 -0.004829 -0.008266 8228.899090 -358.095569 -5076.790820 4.000000
-0.000408 -0.004654 -0.000705 7923.707800 1962.495068 -3876.830803 4.000000
-0.002299 -0.005324 -0.003979 9663.511404 976.180602 -5331.324722 4.000000
-0.000336 -0.003350 -0.000579 7851.561107 2051.399131 -3703.931476 4.000000
-0.000169 -0.002994 -0.000284 8161.148425 2932.848166 -4371.356222 4.000000
-0.006847 -0.003881 -0.011854 8738.247364 3119.286937 -7631.288953 4.000000
-0.000884 -0.002516 -0.001528 9766.150581 3743.402470 -6114.212016 4.000000
-0.001435 -0.003158 -0.002465 6893.713878 2095.943986 -5026.068052 5.000000
-0.001470 -0.001800 -0.002526 7381.102479 2289.679402 -4609.507779 4.000000
-0.000278 -0.003186 -0.000467 7410.098716 -35.920775 -2980.260913 5.000000
-0.002880 -0.003557 -0.004980 9053.000002 1868.104552 -6207.451595 4.000000
-0.002093 -0.002750 -0.003621 9983.568775 2550.034470 -5954.887063 4.000000
-0.000247 -0.002886 -0.000411 6950.480896 1754.370660 -3174.551108 4.000000
-0.000034 -0.000000 -0.000053 3872.826180 -13.168191 -4111.457012 3.000000
-0.001685 -0.004389 -0.002903 8389.374737 847.814550 -4636.102078 5.000000
-0.001667 -0.004305 -0.002873 9656.459885 2120.203515 -6692.846304 5.000000
-0.000121 -0.004873 -0.000192 7792.960288 2626.209701 -3892.094062 4.000000
-0.000281 -0.006285 -0.000477 6102.082758 223.410207 -1890.306656 4.000000
-0.000215 -0.002870 -0.000367 7823.211181 742.484134 -3442.596599 4.000000
-0.000053 -0.003171 -0.000079 7426.090300 2057.656950 -2934.317862 5.000000
0.000164 -0.006115 0.000291 6466.079267 473.689971 -1741.262125 4.000000
-0.000123 -0.002833 -0.000197 7119.254122 818.074163 -2897.268186 4.000000
-0.001009 -0.002870 -0.001743 9220.328292 4167.048465 -6251.934427 4.000000
-0.000284 -0.005834 -0.000479 7162.779965 2037.693842 -3138.216953 3.000000
-0.001726 -0.002675 -0.002983 8175.919952 2263.769174 -5518.902858 4.000000
-0.001662 -0.002131 -0.002867 6797.233213 3795.933535 -6386.406788 5.000000
-0.000279 -0.003448 -0.000482 8068.724423 1781.169217 -3688.131028 4.000000
-0.000099 -0.000010 -0.000159 5473.381840 -95.606461 -5068.606204 3.000000
-0.000314 -0.002172 -0.000532 7549.306048 3432.057639 -4933.662687 6.000000
-0.000202 -0.002807 -0.000336 7069.484523 3089.502690 -3083.101038 3.000000
-0.000262 -0.004569 -0.000454 7661.114465 3093.417617 -4059.411590 4.000000
-0.000544 -0.002231 -0.000933 7110.795670 3230.475300 -3644.783992 3.000000
-0.000175 -0.003075 -0.000290 7673.838084 482.815417 -2891.207469 3.000000
-0.000758 -0.003383 -0.001299 9358.206479 -898.355025 -6616.801011 5.000000
-0.000908 -0.003380 -0.001555 7993.239601 2404.814762 -4380.971483 4.000000
-0.003859 -0.001848 -0.006664 8840.982150 240.927363 -5259.351651 4.000000
-0.000112 -0.002866 -0.000180 7633.289114 1064.470793 -2573.732126 3.000000
-0.001844 -0.002538 -0.003171 7752.702234 3452.732425 -5364.902179 4.000000
-0.000176 -0.002942 -0.000300 7718.201041 1862.965443 -3766.350317 4.000000
-0.001011 -0.003650 -0.001736 7085.157871 2267.629649 -3189.789595 2.000000
-0.000417 -0.004464 -0.000705 6166.805968 3582.757290 -3728.985461 4.000000
-0.000170 -0.002832 -0.000285 7627.277472 1388.982933 -3271.214919 3.000000
-0.003544 -0.004133 -0.006132 8857.484273 -743.277183 -5520.412308 5.000000
0.000040 -0.002993 0.000076 9115.061739 2755.144699 -3936.273079 5.000000
-0.000062 -0.003093 -0.000092 7408.155011 1177.267238 -2694.024102 5.000000
-0.000028 -0.002809 -0.000043 7938.144786 1134.356092 -3272.248346 4.000000
0.000041 -0.004871 0.000074 7717.811531 2852.964490 -3734.824921 4.000000
-0.001680 -0.004523 -0.002891 8368.160889 2339.726757 -5505.600064 5.000000
-0.002024 -0.001956 -0.003506 11242.358445 1526.423552 -6785.713383 5.000000
-0.000200 -0.003059 -0.000330 7421.514626 1461.349016 -2797.894879 4.000000
-0.001480 -0.003857 -0.002544 7515.653589 2024.085407 -4824.018339 4.000000
-0.000142 -0.005626 -0.000242 8198.258921 452.292705 -3144.882054 4.000000
-0.003175 -0.002468 -0.005484 8063.475291 1615.250542 -5070.618571 4.000000
-0.000153 -0.003340 -0.000252 7885.529145 -453.478697 -2715.528205 4.000000
-0.002147 -0.002677 -0.003708 8418.550241 469.858296 -4847.210781 5.000000
-0.000122 -0.002896 -0.000188 8407.049110 2662.033470 -4029.439885 4.000000
-0.002529 -0.001941 -0.004370 9126.128254 775.222636 -5601.382346 4.000000
-0.000324 -0.003364 -0.000551 7823.678408 1150.395946 -3145.621925 4.000000
-0.002018 -0.001963 -0.003477 8705.021942 988.065736 -5669.638274 4.000000
-0.000042 -0.002705 -0.000060 6960.302476 2498.873652 -3248.268988 5.000000
-0.000079 -0.003120 -0.000130 8043.624765 1001.415400 -2978.228938 4.000000
-0.000486 -0.005356 -0.000833 8999.090244 2169.073339 -4042.023355 4.000000
-0.000325 -0.003140 -0.000562 8567.633095 1041.184862 -3476.564111 4.000000
-0.001385 -0.001900 -0.002389 8342.713350 2244.038146 -4960.228511 4.000000
-0.003026 -0.003673 -0.005235 8265.446791 2689.601922 -5770.337695 3.000000
-0.001759 -0.004640 -0.003037 8918.128781 2598.856994 -5806.831367 4.000000
-0.002698 -0.002546 -0.004666 10182.618935 -522.393137 -6046.056457 4.000000
0.000009 -0.003053 0.000030 6701.104756 3241.994642 -3232.947606 4.000000
-0.000138 -0.000041 -0.000238 6574.355339 -304.938320 -5649.673123 4.000000
-0.001743 -0.005713 -0.003016 9426.353297 1158.707057 -4688.204290 5.000000
-0.000311 -0.002695 -0.000528 8418.518321 1834.287699 -4220.222898 5.000000
-0.002173 -0.003124 -0.003762 9885.609700 1044.315383 -6738.199940 4.000000
-0.000043 -0.002750 -0.000067 7258.777948 3345.086713 -3650.842231 4.000000
-0.000338 -0.002848 -0.000569 7745.750033 2286.082118 -4196.322358 4.000000
-0.000897 -0.003387 -0.001538 6614.859764 3008.820978 -3529.007319 4.000000
-0.005435 -0.002874 -0.009394 7641.872646 2545.198070 -4636.794771 4.000000
-0.000241 -0.001873 -0.000406 8674.618139 1463.121339 -3917.969315 4.000000
-0.004459 -0.003228 -0.007706 9219.147047 2915.773975 -6001.019628 4.000000
-0.000139 -0.003244 -0.000222 7575.996370 29.511585 -2513.602629 3.000000
-0.000044 -0.006033 -0.000067 6273.394685 489.456594 -1720.395405 4.000000
-0.002202 -0.002418 -0.003799 7066.805383 2751.284697 -5437.387137 4.000000
-0.000148 -0.002208 -0.000243 6665.927103 3146.680614 -3608.496369 5.000000
-0.001118 -0.002938 -0.001933 7904.788335 1566.879015 -3941.725721 4.000000
-0.000199 -0.002246 -0.000342 9166.818567 2431.763982 -4818.508599 4.000000
-0.002779 -0.002648 -0.004802 8973.969690 277.174850 -5988.222822 5.000000
-0.000234 -0.002894 -0.000404 8395.008817 153.439715 -3332.463535 4.000000
-0.001550 -0.003974 -0.002669 7563.371189 2166.051152 -4694.205958 4.000000
-0.000319 -0.002233 -0.000549 10671.344610 2728.664527 -4742.606842 4.000000
-0.001257 -0.003387 -0.002173 8945.051529 1781.882350 -5226.196174 4.000000
-0.000240 -0.003165 -0.000415 9200.741435 3549.352389 -4738.920364 4.000000
-0.004234 -0.002436 -0.007329 9194.853510 2120.681077 -6489.105479 4.000000
-0.000262 -0.005631 -0.000437 7463.138181 1596.737915 -2676.398943 4.000000
-0.002373 -0.003873 -0.004097 8638.785578 2079.685649 -7629.491180 5.000000
-0.001342 -0.001811 -0.002305 7704.485504 4296.635257 -5796.092192 4.000000
-0.000094 -0.002973 -0.000162 8605.860629 229.369260 -3158.059540 4.000000
-0.001000 -0.002422 -0.001725 8475.877499 3248.073753 -4869.108706 3.000000
-0.001293 -0.002422 -0.002218 7507.479340 3644.937321 -5620.364346 4.000000
-0.000202 -0.002609 -0.000337 7007.064191 2686.688247 -3295.696660 4.000000
-0.002418 -0.002275 -0.004177 9477.043788 1878.271726 -6800.463034 6.000000
-0.001303 -0.002886 -0.002235 8258.735764 2897.553810 -4962.714275 5.000000
-0.003145 -0.002339 -0.005432 7835.434602 5608.353119 -6581.144302 4.000000
-0.000138 -0.003148 -0.000229 7615.155014 1807.898890 -2976.967182 4.000000
-0.000106 -0.003343 -0.000166 7523.081955 410.445621 -2578.803959 5.000000
-0.000271 -0.002631 -0.000455 8028.850812 1979.942530 -4199.211660 4.000000
-0.000266 -0.002381 -0.000448 8260.486304 2719.057524 -4172.971753 5.000000
-0.000785 -0.002990 -0.001346 7818.424286 1851.744293 -4711.699874 3.000000
-0.000004 -0.000000 -0.000005 357.390744 -5.817559 -2074.634356 5.000000
-0.000428 -0.002502 -0.000739 9292.067943 1907.230807 -4590.264457 4.000000
-0.001568 -0.001868 -0.002698 7209.867681 3044.693656 -4882.008304 4.000000
-0.001705 -0.001152 -0.002948 8789.809353 3747.750741 -7226.071768 4.000000
-0.000100 -0.002966 -0.000174 8472.083051 1256.433090 -3293.043967 4.000000
-0.002829 -0.004470 -0.004893 10220.422173 855.646052 -5440.797243 5.000000
-0.001295 -0.004360 -0.002239 9377.066119 3978.687469 -4517.296469 4.000000
-0.001490 -0.002381 -0.002560 7629.773217 3118.849867 -5801.798158 5.000000
-0.002398 -0.002693 -0.004141 8055.768449 3149.150519 -4395.719334 4.000000
-0.000025 -0.000000 -0.000036 3300.050596 -18.966859 -3746.224802 4.000000
-0.002473 -0.003115 -0.004269 9005.107048 -354.444640 -5351.346597 4.000000
-0.002555 -0.002335 -0.004422 9746.303336 505.263082 -6369.842820 4.000000
-0.000087 -0.006075 -0.000149 6711.678213 117.447775 -1977.684684 4.000000
-0.000218 -0.004733 -0.000374 7167.994226 3055.548187 -4202.882826 4.000000
-0.000298 -0.005025 -0.000512 7531.768174 2534.472051 -3833.931490 4.000000
-0.000067 -0.006092 -0.000115 6791.674046 357.363309 -2038.711833 5.000000
-0.000017 -0.000000 -0.000025 3053.848986 -20.353611 -3620.947926 4.000000
-0.000584 -0.002319 -0.000999 7802.319349 2090.557998 -4616.738394 4.000000
-0.000132 -0.002978 -0.000220 7817.599239 750.396498 -3118.554259 4.000000
0.000000 -0.005186 0.000000 8123.628652 2252.879918 -3646.697724 5.000000
-0.002063 -0.001686 -0.003553 6363.562666 2546.077450 -5695.370796 5.000000
-0.001921 -0.002697 -0.003317 7064.315538 1269.407432 -3938.264878 4.000000
-0.001019 -0.002636 -0.001751 9056.778166 1593.422659 -3949.373157 5.000000
-0.000426 -0.003457 -0.000718 7338.487417 2856.383688 -4199.740869 4.000000
-0.005226 -0.004008 -0.009034 8461.033890 369.898921 -6478.116517 4.000000
-0.000061 -0.003260 -0.000088 7443.848911 1040.780704 -2573.808403 4.000000
-0.003661 -0.002132 -0.006336 8445.315386 4153.075250 -7638.113589 4.000000
-0.000648 -0.003325 -0.001115 7438.495268 1494.897663 -3795.400541 3.000000
0.000089 -0.005937 0.000161 7769.943569 1997.643797 -3075.570434 5.000000
-0.000279 -0.006491 -0.000481 8387.598374 1324.787715 -3223.974496 5.000000
-0.001046 -0.002785 -0.001802 8567.482011 1283.923709 -4424.253787 5.000000
-0.001840 -0.003327 -0.003180 7557.336113 3008.673294 -6088.610987 4.000000
-0.000020 -0.005194 -0.000024 7457.064326 2549.315771 -2818.638969 3.000000
-0.005373 -0.001746 -0.009296 9273.275241 -192.287055 -6375.423337 4.000000
-0.004176 -0.003878 -0.007226 9663.600792 247.772721 -5912.284198 4.000000
-0.000140 -0.004914 -0.000232 7111.398561 2709.775553 -3365.910047 4.000000
-0.000219 -0.002033 -0.000358 8105.805308 1730.127717 -3412.363630 5.000000
-0.002114 -0.002273 -0.003648 6336.383728 2227.979027 -4332.539914 3.000000
-0.001410 -0.002718 -0.002438 9612.190848 696.194863 -4758.689008 4.000000
-0.000304 -0.003358 -0.000508 7354.672410 1071.082727 -2864.557734 3.000000
-0.000291 -0.006393 -0.000503 6640.985785 13.042370 -2107.764820 3.000000
-0.001924 -0.002458 -0.003319 9056.634590 2310.022857 -5213.043287 4.000000
-0.000163 -0.002993 -0.000266 7205.141414 1301.249661 -2899.662929 4.000000
-0.001655 -0.003968 -0.002862 9130.565124 821.913179 -5103.298468 4.000000
-0.000217 -0.004181 -0.000367 7134.283963 2899.571373 -3537.237742 4.000000
0.000016 -0.006228 0.000034 6487.324698 561.318333 -1778.680709 4.000000
-0.000168 -0.002937 -0.000283 7894.997386 1376.981529 -2985.334496 4.000000
-0.000571 -0.001681 -0.000983 8973.813924 2282.934806 -4549.336810 4.000000
-0.000139 -0.002474 -0.000235 7404.240500 2985.384262 -3619.508567 4.000000
-0.000025 -0.000000 -0.000036 3334.600206 -19.946750 -3751.287026 4.000000
-0.003403 -0.005610 -0.005880 9100.937309 -59.584977 -6364.069053 4.000000
-0.000087 -0.003093 -0.000140 7355.911291 2226.502465 -3161.685027 4.000000
-0.000137 -0.002822 -0.000227 7373.364082 1512.896394 -3315.739140 4.000000
0.000260 -0.004675 0.000452 7532.819145 3087.118068 -3865.648859 3.000000
-0.000444 -0.003002 -0.000758 7391.571236 1595.866889 -3572.283490 4.000000
-0.000138 -0.003457 -0.000230 7975.713070 698.252497 -3040.003871 5.000000
-0.002183 -0.004008 -0.003778 9498.815618 1386.554161 -4582.799105 4.000000
-0.000010 -0.002816 -0.000015 8262.112665 456.973186 -3343.001433 3.000000
-0.005959 -0.003126 -0.010297 8554.019738 1611.475110 -4994.078724 4.000000
-0.000069 -0.002910 -0.000101 7914.952946 2673.422844 -3742.729331 5.000000
-0.000242 -0.002002 -0.000399 7640.551105 2429.927388 -4092.515399 4.000000
-0.000030 -0.000000 -0.000042 3381.542410 -0.350180 -3801.487501 5.000000
0.000125 -0.005234 0.000230 6953.891121 2767.814921 -3225.142049 4.000000
-0.000284 -0.002942 -0.000477 7035.883264 2108.729826 -3089.954404 3.000000
-0.000034 -0.003159 -0.000045 7628.282147 605.097587 -2794.656198 4.000000
-0.004932 -0.003961 -0.008525 8169.130468 -85.060926 -6078.707772 4.000000
-0.000881 -0.003137 -0.001512 7835.139034 3151.805771 -4464.272680 4.000000
-0.002117 -0.001335 -0.003653 9637.627565 2345.794394 -5860.565891 5.000000
-0.002936 -0.002505 -0.005069 8357.882512 1969.204138 -6014.177514 4.000000
0.000159 -0.002493 0.000277 8226.644505 2293.142367 -3093.241693 4.000000
-0.000457 -0.002553 -0.000776 6977.345565 3438.578886 -5515.453165 4.000000
-0.000162 -0.002059 -0.000265 7079.620925 3053.812288 -5080.317184 4.000000
-0.002448 -0.002384 -0.004236 9912.424026 2071.096878 -6414.948979 4.000000
-0.003336 -0.004984 -0.005760 6447.281342 1167.598289 -4191.874259 4.000000
-0.000521 -0.004828 -0.000902 10523.850528 2162.679751 -5778.402111 4.000000
-0.002164 -0.004247 -0.003744 8663.836959 1477.307403 -5418.212463 4.000000
-0.001679 -0.002138 -0.002888 7580.316413 362.757719 -4345.015150 3.000000
-0.000379 -0.002957 -0.000650 7050.033751 3240.408661 -4032.768856 2.000000
-0.002001 -0.003389 -0.003462 10191.004800 2438.912307 -5596.450619 4.000000
-0.003087 -0.002984 -0.005329 8173.721974 1163.050042 -4389.919156 4.000000
-0.005362 -0.003136 -0.009269 7491.712863 -2242.898628 -7187.487426 4.000000
-0.000228 -0.003076 -0.000394 8395.780107 833.600238 -3483.168890 5.000000
0.000085 -0.005524 0.000151 6327.075580 507.824847 -1985.699605 4.000000
-0.001321 -0.003672 -0.002270 8406.954706 -191.008334 -4397.163721 4.000000
-0.000839 -0.002066 -0.001435 7094.824628 2795.968576 -4794.268496 4.000000
-0.002149 -0.003471 -0.003709 8527.160709 -279.602649 -5109.789817 4.000000
-0.002311 -0.002574 -0.003991 9224.945032 -414.282144 -5381.581837 4.000000
-0.000023 -0.004971 -0.000030 7013.923166 2913.228451 -3502.654403 4.000000
-0.001998 -0.004602 -0.003456 8276.189157 2033.718179 -5631.103590 4.000000
-0.002708 -0.005151 -0.004686 10108.537085 206.616422 -5835.743053 4.000000
-0.000893 -0.000691 -0.001539 4435.310968 -860.901954 -4012.965044 4.000000
-0.001103 -0.002364 -0.001903 7023.721221 -826.675841 -4128.857483 3.000000
-0.000359 -0.003397 -0.000608 8823.046207 2852.299257 -5377.177691 4.000000
-0.000452 -0.003185 -0.000771 7342.290500 1290.985272 -3394.148921 4.000000
-0.000271 -0.001482 -0.000468 8737.344087 3414.375294 -5254.683945 4.000000
-0.000221 -0.003322 -0.000368 6747.636140 2807.246813 -3221.035140 4.000000
-0.000275 -0.002519 -0.000462 7158.394423 1157.694806 -3043.138166 4.000000
-0.000163 -0.006279 -0.000272 6172.512881 5.911762 -1793.696556 4.000000
-0.000222 -0.002775 -0.000375 7233.479648 2411.525195 -3572.777964 3.000000
-0.002003 -0.003023 -0.003457 7684.165142 2510.157114 -5508.830979 4.000000
-0.000030 -0.000000 -0.000042 3442.958743 14.798669 -3837.207783 3.000000
-0.000242 -0.002915 -0.000402 8469.346036 1547.709040 -3299.401480 4.000000
-0.000488 -0.005089 -0.000831 6613.582985 2861.013442 -3579.020012 4.000000
-0.000006 -0.002379 -0.000009 8124.429944 1938.514809 -3318.275076 5.000000
-0.001106 -0.002665 -0.001906 8846.389601 3133.492770 -5943.397824 4.000000
-0.001105 -0.002725 -0.001893 8427.798588 535.139601 -5208.816334 5.000000
-0.000309 -0.003046 -0.000516 7389.312029 3629.519351 -4277.709559 3.000000
-0.000236 -0.006170 -0.000396 6104.301604 168.269340 -1812.331828 4.000000
-0.000413 -0.002453 -0.000705 8075.169570 3324.121540 -4652.534111 4.000000
-0.002828 -0.002601 -0.004896 9447.938300 4685.654232 -7024.091295 4.000000
0.000006 -0.006027 0.000013 8332.072588 2500.450330 -3172.398060 4.000000
-0.000145 -0.005699 -0.000245 8115.497379 1503.743023 -3095.350731 3.000000
-0.002478 -0.002549 -0.004288 9430.567089 2477.810050 -7033.672042 4.000000
-0.006173 -0.004047 -0.010670 7952.339535 -1309.168113 -5320.222374 3.000000
-0.001186 -0.001537 -0.002040 8916.121529 2317.571250 -5526.048492 5.000000
-0.000526 -0.003623 -0.000910 7797.403547 3544.758357 -3860.291393 4.000000
-0.000140 -0.006030 -0.000241 6590.355593 -50.107182 -2067.881025 5.000000
-0.000222 -0.003025 -0.000374 7844.784619 1363.878066 -3057.759143 4.000000
-0.000145 -0.002987 -0.000239 8131.386321 3038.371108 -4095.664174 4.000000
-0.002571 -0.002838 -0.004429 8057.552711 3546.266189 -5640.530826 5.000000
-0.000395 -0.002603 -0.000673 6996.145436 2357.165314 -3516.191602 5.000000
-0.001406 -0.001986 -0.002434 10022.996525 3180.368526 -5859.609427 4.000000
-0.001249 -0.002680 -0.002150 8226.619613 1243.041249 -4918.679854 5.000000
-0.002205 -0.002434 -0.003800 6590.979885 1592.130118 -5474.290546 5.000000
-0.000006 -0.000000 -0.000009 1444.824589 -20.103177 -2706.932949 3.000000
-0.001518 -0.004537 -0.002625 10406.802450 281.171263 -6047.196191 5.000000
-0.000124 -0.002923 -0.000209 7891.232478 1120.764115 -3451.617510 4.000000
-0.000260 -0.002801 -0.000433 7444.585140 3266.982568 -4221.274183 4.000000
-0.004121 -0.002501 -0.007116 6038.314765 836.834011 -8097.590630 4.000000
-0.000073 -0.002554 -0.000111 6988.114415 2133.401199 -2956.738639 3.000000
-0.000107 -0.004750 -0.000176 7283.587573 2244.488769 -3385.083693 5.000000
-0.001730 -0.001984 -0.002976 7591.051686 -1077.660243 -6068.593635 4.000000
-0.000357 -0.003169 -0.000602 6903.412010 2195.213052 -3164.586940 4.000000
-0.002203 -0.003437 -0.003798 8003.943613 231.621594 -6182.633716 4.000000
0.000162 -0.002582 0.000287 7454.883845 3228.483661 -3345.874381 3.000000
-0.000730 -0.005424 -0.001248 8223.160829 2817.827511 -3836.411445 5.000000
-0.000275 -0.005042 -0.000466 7080.649232 2877.282202 -3465.917859 3.000000
-0.000291 -0.002605 -0.000502 8036.860635 777.926087 -3532.942444 4.000000
-0.000107 -0.006354 -0.000171 7641.107617 589.610407 -2701.481514 2.000000
-0.000017 -0.000000 -0.000020 4013.168039 9.118562 -4189.018732 4.000000
-0.000382 -0.002808 -0.000652 7552.247510 675.889264 -3170.451406 5.000000
-0.003592 -0.002720 -0.006204 7963.250421 779.286836 -4753.686561 4.000000
-0.002036 -0.004254 -0.003505 8423.961745 969.731192 -4880.968336 5.000000
-0.000849 -0.003687 -0.001463 7432.627539 19.618486 -3686.444438 4.000000
-0.001054 -0.002621 -0.001808 7430.548685 4185.011494 -4769.944871 4.000000
-0.000953 -0.002637 -0.001644 7419.357237 1813.755597 -3702.348109 3.000000
-0.000098 -0.003362 -0.000159 7253.513308 2924.549105 -3243.254158 4.000000
-0.001743 -0.001249 -0.003006 8317.645249 5602.345413 -6169.466007 4.000000
-0.000327 -0.003020 -0.000564 7975.224725 2124.744947 -3559.855258 4.000000
-0.000291 -0.002632 -0.000487 6412.699275 2858.941280 -3420.984427 4.000000
-0.000426 -0.002152 -0.000728 7339.399638 -453.798812 -3474.017821 4.000000
-0.000119 -0.002952 -0.000199 7888.624510 457.573618 -3008.616377 4.000000
-0.000051 -0.000001 -0.000079 3773.236277 -7.487588 -4041.284184 3.000000
0.000004 -0.003084 0.000016 7664.443036 1982.282281 -2946.108011 5.000000
