-0.000232 -0.002295 -0.000400 8724.437155 2835.500338 -4092.537552 4.000000
-0.003816 -0.000302 -0.002613 -3270.174409 -639.918516 -550.586097 2.000000
-0.000212 -0.003060 -0.000366 9044.032504 2055.282394 -3947.988562 5.000000
-0.001770 -0.002320 -0.003065 10083.379375 3101.141457 -5675.593951 4.000000
-0.002602 -0.001790 -0.004505 11855.472124 1770.046713 -6881.039524 4.000000
-0.001803 -0.003972 -0.003123 10625.262852 456.425898 -6326.199550 3.000000
-0.002844 -0.002093 -0.004923 10698.979504 115.566177 -8019.440584 4.000000
-0.002221 -0.002713 -0.003844 11306.294282 -486.211395 -7899.121888 4.000000
-0.000399 -0.002693 -0.000688 10330.985576 2194.647259 -5245.359923 4.000000
-0.000116 -0.002976 -0.000200 8900.337449 2163.963964 -3838.396740 4.000000
-0.000073 -0.002051 -0.000126 8422.842285 3075.418847 -4537.440197 4.000000
-0.004577 -0.002559 -0.007928 11823.050313 -466.661441 -7931.398040 4.000000
-0.001821 -0.002141 -0.003154 11163.242548 4315.027866 -7699.941352 4.000000
-0.000170 -0.002721 -0.000295 9116.239327 1561.247767 -4052.343610 4.000000
-0.000066 -0.006000 -0.000113 6931.694809 1124.438524 -2374.931306 2.000000
-0.005796 -0.004486 -0.008089 4678.014935 -1415.706233 -2966.861188 3.000000
-0.000460 -0.006180 -0.000796 6906.551285 -457.172882 -2623.880050 3.000000
-0.002665 -0.001406 -0.000748 -1892.237830 -1624.449347 -714.866752 3.000000
-0.000210 -0.003003 -0.000362 9048.053836 -14.753793 -3940.041596 3.000000
-0.000211 -0.003806 -0.000364 8538.453632 3023.588706 -4400.996201 4.000000
-0.000192 -0.003282 -0.000331 9290.438487 355.586805 -3764.564803 4.000000
-0.000137 -0.004978 -0.000236 8281.545241 2947.114399 -4433.375199 3.000000
-0.000226 -0.005419 -0.000390 9157.995358 2013.212534 -3839.820856 4.000000
-0.000026 -0.002936 -0.000043 9079.707724 1661.440974 -3736.143173 4.000000
-0.002242 -0.004260 -0.003882 11798.468985 -375.437012 -7268.988065 4.000000
-0.000123 -0.003321 -0.000213 9566.969241 1891.072023 -3388.587177 5.000000
-0.000054 -0.000002 -0.000093 4844.498701 -20.021342 -4634.653461 4.000000
-0.001258 -0.002982 -0.002178 10691.186575 3574.627021 -5419.206019 3.000000
-0.002234 -0.002355 -0.003867 11002.955095 3420.458116 -7382.671151 4.000000
-0.000382 -0.002947 -0.000661 8920.547677 1663.384534 -4167.629950 4.000000
-0.000216 -0.002881 -0.000373 8148.780707 3037.817798 -4648.332180 3.000000
-0.002003 -0.004239 -0.003468 9923.347987 689.797962 -6052.796625 3.000000
-0.000942 -0.005005 -0.001631 8894.372633 1959.979197 -4351.541530 3.000000
-0.002211 -0.002537 -0.003828 10965.701781 3614.105482 -7445.323159 4.000000
-0.001627 -0.003601 -0.002817 10075.228840 2163.269355 -6206.357453 4.000000
-0.000378 -0.005121 -0.000653 8571.493611 2412.614716 -4146.168442 3.000000
-0.000394 -0.003693 -0.000682 8465.549734 2365.178154 -4419.180261 4.000000
-0.003418 -0.002553 -0.005918 11423.403183 2352.110208 -6961.638773 4.000000
-0.000016 -0.000000 -0.000028 3825.947915 -9.163031 -4060.223754 3.000000
-0.001191 -0.002592 -0.002062 10013.847334 2460.206249 -5924.611384 4.000000
-0.000517 -0.006165 -0.000895 6931.877719 437.827317 -2632.265833 2.000000
-0.002723 -0.001924 -0.004716 12431.991358 2186.303834 -8177.393829 5.000000
0.000070 -0.006666 0.000122 7255.544944 126.556975 -2174.017641 2.000000
-0.000895 -0.002249 -0.001550 10829.653643 2291.718730 -5461.035794 5.000000
-0.000842 -0.005773 -0.001457 9972.296193 3852.419008 -6056.613397 3.000000
-0.002027 -0.001832 -0.003510 11095.819636 3522.807859 -7471.584413 4.000000
-0.001243 -0.003476 -0.002151 8947.096063 2737.336481 -4254.872570 2.000000
-0.003803 -0.002153 -0.006585 10914.564645 -1544.738411 -8153.879842 4.000000
-0.000304 -0.002958 -0.000526 10319.402618 2315.322559 -5361.337938 4.000000
-0.001899 -0.003433 -0.003286 10057.795652 1266.741996 -5763.604798 3.000000
-0.001609 -0.003881 -0.002786 10693.728011 1767.735897 -5711.701794 4.000000
-0.000195 -0.002689 -0.000337 9114.808716 1778.411158 -3948.731890 4.000000
-0.002721 -0.006023 -0.004711 10783.260240 -640.384068 -6084.004005 4.000000
-0.000084 -0.002729 -0.000144 8912.975482 1669.059395 -3865.049527 3.000000
-0.000235 -0.003206 -0.000406 8753.217440 3199.631697 -4210.665459 4.000000
-0.000659 -0.002356 -0.001140 9130.332331 3568.404966 -7066.451736 4.000000
-0.000393 -0.002868 -0.000678 8598.975186 1813.323125 -4198.955115 3.000000
-0.001888 -0.001711 -0.003269 11034.605392 1806.694993 -7659.884310 4.000000
-0.005117 -0.002076 -0.008862 10174.254048 3670.407602 -8919.681536 4.000000
-0.000209 -0.001864 -0.000360 10379.410877 1947.589746 -5012.058203 4.000000
-0.000539 -0.002012 -0.000931 10682.926473 3448.628035 -7564.364776 4.000000
0.000120 -0.005894 0.000208 7052.603038 1160.051680 -2270.491176 2.000000
-0.000238 -0.005424 -0.000411 9744.332454 3503.630267 -5891.842041 4.000000
-0.006234 -0.003100 -0.010797 10080.101280 -1156.264486 -7007.454858 4.000000
-0.001079 -0.002079 -0.001868 5751.534221 -816.110412 -3743.713021 3.000000
-0.000230 -0.006489 -0.000398 7088.116075 557.341407 -2481.534917 3.000000
-0.000235 -0.005774 -0.000406 9237.003159 -56.536574 -3604.760776 4.000000
-0.001597 -0.003260 -0.002765 11593.107673 2172.654535 -6753.842089 4.000000
-0.000247 -0.003842 -0.000427 9106.898073 2074.196255 -3998.467082 3.000000
-0.000291 -0.003296 -0.000503 8975.564558 1397.214378 -4080.838925 3.000000
-0.000270 -0.002826 -0.000465 8420.740576 3063.359750 -4423.399654 3.000000
-0.000974 -0.003916 -0.001687 10274.455224 3035.041753 -5521.432850 4.000000
-0.000042 -0.000001 -0.000073 4742.199923 -12.637039 -4623.490143 3.000000
-0.001465 -0.002519 -0.002537 9975.406626 376.268367 -6300.492687 4.000000
-0.000220 -0.002835 -0.000380 9225.037240 1150.963274 -3778.620165 4.000000
-0.000465 -0.003441 -0.000805 10366.274952 2432.269895 -5498.120931 4.000000
-0.000062 -0.006592 -0.000106 7234.202325 -40.863522 -2221.014035 4.000000
-0.001509 -0.004836 -0.002613 9264.700311 2888.335542 -7184.411198 3.000000
-0.000118 -0.003317 -0.000205 9132.019966 2007.956902 -3967.174092 4.000000
-0.001476 -0.002360 -0.002555 9788.196856 2183.413192 -6196.759250 4.000000
-0.000173 -0.002987 -0.000299 8615.641261 2608.975670 -4119.375168 3.000000
-0.000004 -0.002828 -0.000006 10740.872722 2931.619069 -4750.377259 4.000000
-0.000883 -0.002366 -0.001528 10631.761989 1680.738724 -5372.802962 4.000000
-0.002388 -0.000553 -0.000427 -3262.044036 -891.151709 -1266.727482 3.000000
-0.005037 -0.003100 -0.008724 10869.496309 -746.374387 -8838.759905 4.000000
-0.000095 -0.003313 -0.000163 9131.440509 1187.897742 -3690.291658 4.000000
-0.000029 -0.000000 -0.000049 4424.781818 5.680333 -4419.538145 3.000000
-0.000016 -0.005916 -0.000026 6929.494681 1253.227492 -2246.594666 4.000000
-0.002656 -0.002334 -0.004598 8714.591073 3416.489289 -7585.231100 3.000000
-0.000148 -0.003163 -0.000255 9097.387553 171.123675 -3743.939415 4.000000
0.000001 -0.002162 0.000005 10764.529672 2360.935095 -4590.392241 4.000000
-0.001255 -0.002176 -0.002172 11318.935805 2728.380132 -7224.616245 4.000000
0.000017 -0.003032 0.000030 9282.562975 1663.614411 -3632.189846 4.000000
-0.003518 -0.004336 -0.006092 10985.323594 -1397.316685 -8185.417024 4.000000
-0.000208 -0.002387 -0.000360 8497.550986 2833.296627 -4394.978531 3.000000
-0.000005 -0.000000 -0.000008 1470.486675 -18.489888 -2722.611670 4.000000
-0.000040 -0.000001 -0.000069 4677.842468 -44.479757 -4589.708742 4.000000
-0.001582 -0.002853 -0.002738 12418.223496 2370.258257 -7785.169740 5.000000
-0.000222 -0.006401 -0.000384 6993.209169 -68.914462 -2287.542696 4.000000
-0.001244 -0.002822 -0.002154 12011.983125 548.702496 -7106.591878 4.000000
-0.000062 -0.002473 -0.000107 8464.704715 2754.098370 -4176.969263 3.000000
-0.000408 -0.003134 -0.000706 9121.384927 1241.289947 -4232.079637 3.000000
-0.000084 -0.003130 -0.000143 9058.381690 1231.663908 -3746.192364 3.000000
-0.000217 -0.004668 -0.000375 8823.272614 2822.751507 -4062.310622 4.000000
-0.000005 -0.000000 -0.000009 1728.506217 -0.069847 -2854.585185 4.000000
-0.000867 -0.002955 -0.001501 10383.106387 876.938290 -5545.777013 4.000000
-0.000813 -0.002449 -0.001406 9771.336228 3150.840650 -5856.803523 4.000000
-0.002160 -0.003359 -0.003741 11575.668216 3910.731660 -6898.794005 4.000000
-0.001825 -0.004606 -0.003160 8849.245801 1220.108215 -4627.577210 2.000000
-0.001505 -0.006030 -0.002604 8807.491801 675.973496 -4381.327432 2.000000
-0.003108 -0.004100 -0.005384 9528.277574 -1229.652085 -7199.854673 4.000000
-0.003028 -0.003171 -0.005244 12156.662078 1163.489018 -6958.787466 4.000000
-0.002780 -0.001515 -0.004813 11312.456774 2820.014656 -9571.042909 5.000000
-0.005517 -0.002607 -0.009554 11180.351750 -1018.417195 -8341.384948 5.000000
-0.000167 -0.001525 -0.000289 10098.017178 2679.924079 -5685.854515 5.000000
-0.001671 -0.001939 -0.002891 11023.306571 2506.948710 -7482.940040 4.000000
-0.001757 -0.003621 -0.003044 9538.997788 2608.331380 -6915.496543 4.000000
-0.000419 -0.003535 -0.000725 8311.518929 2196.645905 -4633.194380 4.000000
0.000063 -0.002454 0.000111 8692.063500 3368.837106 -3949.293242 3.000000
-0.000009 -0.004604 -0.000014 6291.802608 2760.394785 -2730.563262 3.000000
-0.002143 -0.003103 -0.003710 8577.864439 2450.134346 -4556.202659 3.000000
-0.005650 -0.002825 -0.009784 9847.813182 -2044.888741 -7159.405015 3.000000
-0.004101 -0.001955 -0.000942 1695.101089 -2432.956935 -1110.161154 3.000000
-0.000373 -0.002736 -0.000646 10655.545980 1752.290697 -5184.066981 5.000000
-0.000796 -0.001408 -0.001378 11716.674487 1189.561379 -6665.595845 4.000000
-0.001750 -0.003147 -0.003031 10730.616104 2917.283785 -5878.836419 5.000000
-0.001220 -0.001431 -0.002111 7585.266587 3006.434762 -5592.012688 2.000000
-0.003589 -0.002912 -0.006214 11024.712645 -410.028282 -7852.927924 4.000000
0.000018 -0.002744 0.000033 8985.341774 2346.791935 -3647.189842 4.000000
-0.000191 -0.002479 -0.000329 8381.040905 2715.553058 -4283.853981 4.000000
-0.002795 -0.002428 -0.004839 10485.504678 1444.238774 -8009.978715 4.000000
-0.000137 -0.005881 -0.000235 10708.942202 2331.099782 -4962.129818 3.000000
-0.000039 -0.002224 -0.000066 8654.433657 2973.206077 -4029.832291 3.000000
0.000083 -0.002460 0.000145 10101.364391 3472.790089 -5303.332777 4.000000
-0.003210 -0.002864 -0.005557 9994.909641 646.221061 -5997.058095 3.000000
-0.000245 -0.005347 -0.000425 8806.754478 2542.145065 -4162.151044 3.000000
-0.002917 -0.003451 -0.005051 10589.401535 338.043158 -6530.753438 4.000000
-0.001160 -0.001762 -0.002007 11582.234191 1583.743099 -7066.629463 4.000000
-0.001165 -0.002170 -0.002018 11012.851954 1797.367787 -7662.614473 4.000000
-0.000456 -0.002630 -0.000788 10440.081782 880.803856 -5258.041343 3.000000
-0.000406 -0.005270 -0.000702 8725.111865 2281.977976 -4130.013694 4.000000
-0.000197 -0.006521 -0.000341 7094.760430 147.510435 -2350.562540 4.000000
-0.001139 -0.003841 -0.001972 10568.309278 1238.448400 -5687.636988 3.000000
0.000106 -0.002877 0.000184 8848.425655 2911.127407 -4087.053476 4.000000
-0.000106 -0.000011 -0.000183 4930.961569 -63.282582 -4702.779691 4.000000
-0.000592 -0.001655 -0.001023 11479.854633 3099.938134 -6454.259877 4.000000
-0.003524 -0.003188 -0.006102 11320.073875 2515.552164 -7363.644842 4.000000
0.000076 -0.002154 0.000132 11157.304731 1919.424039 -4614.732489 3.000000
-0.000533 -0.002773 -0.000923 8577.671879 1524.310015 -4495.237804 4.000000
-0.003408 -0.002439 -0.005902 11367.983963 3036.905113 -7859.531024 4.000000
-0.000702 -0.002012 -0.001215 10399.793115 3080.171530 -5429.089905 4.000000
-0.000195 -0.002380 -0.000335 10236.129847 2446.241140 -5347.229789 5.000000
-0.000368 -0.004712 -0.000637 8369.976270 2651.982011 -4524.527074 2.000000
-0.000595 -0.002029 -0.001030 8620.230321 -379.756614 -4627.553041 4.000000
-0.001642 -0.004088 -0.002842 11306.490295 936.182792 -7260.966155 4.000000
-0.000419 -0.002519 -0.000724 10367.071115 2230.624680 -5869.357809 4.000000
-0.001902 -0.004015 -0.003295 11667.190172 2791.469460 -6672.196709 4.000000
-0.000026 -0.000001 -0.000044 4399.001731 -29.292815 -4393.287820 4.000000
-0.002049 -0.001969 -0.003546 10768.452308 4133.967255 -7497.981044 5.000000
-0.002745 -0.002568 -0.004753 11432.264767 2448.131086 -7179.888880 4.000000
-0.000330 -0.003040 -0.000570 10871.112175 2243.954304 -4938.937060 3.000000
-0.001853 -0.002004 -0.003210 11707.704084 278.122779 -7108.753157 5.000000
-0.000131 -0.002664 -0.000226 9040.104103 -29.195126 -3994.328435 4.000000
-0.000311 -0.003164 -0.000536 10734.284416 2087.393167 -4792.433349 4.000000
-0.003888 -0.002466 -0.006731 10139.479281 -318.199228 -8780.689869 5.000000
-0.000052 -0.005302 -0.000089 8746.888288 2283.705691 -4087.181008 2.000000
-0.002404 -0.002019 -0.004164 11474.255389 3204.304027 -7372.411767 4.000000
-0.001691 -0.004372 -0.002929 12199.740228 1654.020068 -6555.827121 4.000000
-0.000165 -0.002346 -0.000285 8259.683028 3048.741228 -4485.541651 4.000000
-0.002321 -0.003369 -0.004020 11888.409788 146.190039 -7606.279502 4.000000
-0.000881 -0.003816 -0.001524 8598.639543 2117.437613 -4548.204725 4.000000
-0.000121 -0.005323 -0.000210 9052.270638 2057.261719 -3913.342855 4.000000
-0.001219 -0.002908 -0.002110 11978.434353 1428.184489 -6296.152921 4.000000
-0.000156 -0.002507 -0.000269 8388.036986 3472.856942 -4416.878028 4.000000
-0.000027 -0.002714 -0.000045 8905.287216 2138.081402 -3679.955354 4.000000
-0.004359 -0.002125 -0.004322 -180.937221 2770.395116 -881.187366 2.000000
-0.000118 -0.005742 -0.000205 8850.189017 2249.790812 -4099.969742 3.000000
-0.000052 -0.002208 -0.000090 8512.694379 2762.221017 -4343.203144 4.000000
-0.000370 -0.003528 -0.000640 9303.267412 1024.322269 -3832.446710 3.000000
-0.000734 -0.002916 -0.001270 9717.968549 3221.831665 -6410.665365 4.000000
-0.002621 -0.002669 -0.004539 9907.829779 4014.676634 -9128.365720 4.000000
-0.000186 -0.002616 -0.000322 8234.121806 3017.707484 -4777.926984 3.000000
-0.001101 -0.002038 -0.001906 10208.522124 2600.632039 -5677.687614 4.000000
-0.000013 -0.002295 -0.000023 10478.087252 2313.052386 -5271.827182 4.000000
-0.001405 -0.001903 -0.002433 9896.864421 2806.738875 -6220.883855 4.000000
-0.000397 -0.001917 -0.000686 10353.718537 1480.953817 -5548.352942 4.000000
-0.001603 -0.004039 -0.002776 9759.335521 2137.784709 -6406.012598 3.000000
-0.001895 -0.002467 -0.003281 11798.226579 211.262041 -6955.184661 5.000000
0.000081 -0.004738 0.000141 8261.018404 2948.507783 -4478.495973 3.000000
-0.003013 -0.002128 -0.005217 12228.288024 357.268020 -9025.625249 5.000000
-0.001170 -0.002985 -0.002025 10499.275587 2150.818161 -5639.937472 3.000000
-0.000055 -0.003256 -0.000094 9283.460993 1392.346515 -3440.224380 4.000000
-0.000267 -0.002495 -0.000462 10550.215415 2540.240172 -5161.282144 4.000000
-0.000031 -0.000000 -0.000054 4540.246954 19.421602 -4522.823690 4.000000
-0.000026 -0.002889 -0.000043 10702.110388 2569.335237 -4735.577282 4.000000
-0.000259 -0.003387 -0.000448 9012.352561 2448.549821 -4097.981998 3.000000
-0.000197 -0.003827 -0.000340 8294.756830 2967.884847 -4468.159181 5.000000
-0.000109 -0.003083 -0.000189 8783.812123 3055.365074 -4140.325332 4.000000
-0.001451 -0.002508 -0.002514 11526.950423 646.419724 -7043.729871 4.000000
-0.000707 -0.001739 -0.001222 10260.786696 -230.250395 -5389.014225 3.000000
-0.003062 -0.002663 -0.005302 11220.566937 -1627.683611 -7642.076675 4.000000
-0.003477 -0.002530 -0.006020 9343.309980 3127.029768 -6961.689601 4.000000
-0.001646 -0.002578 -0.002848 10429.196075 506.713904 -5876.931549 4.000000
-0.003589 -0.002911 -0.006214 10610.167332 4105.107946 -8273.586750 4.000000
-0.003086 -0.002573 -0.005343 11560.352015 1277.456836 -7053.473527 4.000000
0.000069 -0.001754 0.000120 10681.074977 2877.569700 -4960.326723 4.000000
-0.000125 -0.002205 -0.000216 8409.364414 3176.976234 -4360.766082 4.000000
-0.003582 -0.003743 -0.005363 2282.836076 -1706.197267 -2502.072104 4.000000
-0.001385 -0.002178 -0.002397 9718.531209 3551.829333 -6402.757474 3.000000
-0.000990 -0.001158 -0.001714 11158.677311 2526.001938 -7363.958470 5.000000
-0.001030 -0.004046 -0.001783 8475.631893 2657.931797 -4430.193661 3.000000
-0.004093 -0.003456 -0.007086 11222.787821 -1569.626919 -7805.020909 4.000000
-0.000960 -0.001558 -0.001660 11067.987095 2903.948822 -7205.034270 4.000000
-0.000109 -0.003326 -0.000187 9049.908049 1839.991679 -3788.308207 3.000000
-0.002560 -0.003269 -0.004433 10955.228618 472.982666 -5795.593775 3.000000
-0.004742 -0.002429 -0.005392 -2098.276920 -2560.739874 -1892.316496 4.000000
-0.001323 -0.002032 -0.002290 9797.553870 2868.252647 -6254.954014 4.000000
-0.001677 -0.001988 -0.002902 11153.145098 2350.789627 -7062.318690 4.000000
-0.000029 -0.000001 -0.000049 4416.377571 -6.364841 -4412.450067 3.000000
-0.000324 -0.006163 -0.000560 7004.692903 -34.937155 -2539.302319 3.000000
-0.001589 -0.002595 -0.002751 11158.661147 2763.827551 -7226.903019 4.000000
-0.000368 -0.003411 -0.000637 8710.373372 2439.963602 -4411.259820 4.000000
-0.001799 -0.001949 -0.003114 11958.872574 1051.882747 -6421.839130 4.000000
-0.001855 -0.001843 -0.003213 11012.337621 2262.809514 -7803.730752 4.000000
0.000100 -0.006390 0.000174 9333.184534 1641.059076 -3520.009151 3.000000
-0.003113 -0.002847 -0.005389 11025.910954 -1154.995282 -8292.025128 4.000000
-0.000171 -0.002897 -0.000296 9016.449879 2369.906358 -3941.363926 4.000000
-0.000078 -0.006516 -0.000135 9322.645194 419.884998 -3667.393999 4.000000
-0.001086 -0.002709 -0.001882 8118.517167 3935.248618 -4964.568017 2.000000
-0.000197 -0.003036 -0.000341 9247.174532 813.133802 -3679.298759 5.000000
-0.001996 -0.003478 -0.003456 10453.174085 1709.913520 -5626.210233 3.000000
-0.000189 -0.003700 -0.000327 8777.479052 2384.898901 -3994.661467 3.000000
0.000058 -0.002753 0.000103 8528.858249 2498.153055 -4137.254200 4.000000
-0.001384 -0.003204 -0.002397 11604.207804 889.779168 -7263.766266 4.000000
-0.000985 -0.002648 -0.001705 11963.532264 562.327581 -6600.088039 4.000000
-0.000122 -0.005711 -0.000211 6894.629106 380.781369 -2456.399060 4.000000
-0.002389 -0.002046 -0.002160 -1317.835441 3104.315537 -798.016086 2.000000
-0.001362 -0.004411 -0.002359 10546.726874 1612.975885 -5607.922390 4.000000
-0.003059 -0.003993 -0.005296 9884.456100 2042.906027 -6441.848822 3.000000
-0.002661 -0.004794 -0.004607 9371.089746 4076.749672 -6480.604372 3.000000
-0.000145 -0.002554 -0.000252 8795.159151 2979.657872 -4113.280989 5.000000
-0.002794 -0.002741 -0.004837 10993.945720 647.125466 -7938.482522 4.000000
-0.000010 -0.000000 -0.000017 3016.854335 -6.002582 -3613.910690 3.000000
-0.000857 -0.002411 -0.001482 11688.369018 3498.611291 -6350.308440 4.000000
-0.004520 -0.002394 -0.007827 9756.218581 1395.136082 -7056.565137 4.000000
-0.002049 -0.001029 -0.001189 1135.741788 2440.907747 -1450.534724 4.000000
-0.000966 -0.002545 -0.001674 12032.017608 73.951838 -6934.861825 5.000000
-0.004755 -0.003033 -0.008235 8101.077169 2163.171440 -8918.579766 3.000000
-0.003608 -0.003441 -0.006248 10038.020779 3215.922311 -6440.441086 3.000000
-0.002299 -0.002695 -0.003980 11463.212909 1675.346392 -7524.444174 4.000000
-0.003538 -0.001122 -0.000081 -2677.511082 -1272.357452 -407.034645 2.000000
-0.002080 -0.003567 -0.003600 10323.151177 2799.210721 -5848.590709 3.000000
-0.000934 -0.002371 -0.001616 12008.103260 1373.225890 -6655.471536 5.000000
-0.000101 -0.001513 -0.000174 10259.482016 3868.196434 -5507.076246 4.000000
-0.001076 -0.002222 -0.001862 10588.522148 1908.763462 -5448.492729 4.000000
-0.000145 -0.006207 -0.000250 7001.027820 33.823039 -2372.536562 4.000000
-0.002406 -0.001801 -0.004164 9982.204878 2579.016419 -8583.805081 4.000000
-0.000297 -0.002966 -0.000513 8892.852392 1821.276101 -4076.084773 4.000000
-0.002596 -0.002429 -0.004496 11613.921833 2170.929912 -7046.325704 4.000000
-0.000145 -0.002847 -0.000250 9043.169181 1614.648908 -4008.651237 4.000000
-0.000288 -0.003405 -0.000496 8185.854570 2386.763151 -4511.196145 3.000000
-0.000170 -0.002232 -0.000293 8568.724860 1822.092073 -4463.907686 4.000000
-0.000364 -0.003110 -0.000630 8476.013277 3031.836136 -4447.369029 4.000000
-0.000200 -0.003057 -0.000346 9180.187380 1301.058129 -3736.944353 4.000000
-0.001716 -0.002040 -0.002969 10684.356042 803.800355 -7780.226500 4.000000
-0.001192 -0.002128 -0.002063 9092.394937 3830.460859 -7139.878352 3.000000
-0.000109 -0.002869 -0.000188 9179.652936 1907.514119 -3732.368962 2.000000
-0.000220 -0.006058 -0.000379 10766.908898 946.724723 -4785.422564 4.000000
-0.002696 -0.002944 -0.004667 9749.565666 2683.069756 -6182.324448 3.000000
-0.000086 -0.006163 -0.000149 7095.120782 144.613738 -2245.804638 3.000000
-0.001630 -0.003259 -0.002824 8432.057404 3488.442800 -4874.977812 3.000000
-0.001396 -0.002814 -0.002415 8328.070098 2920.624360 -4730.198994 2.000000
-0.001072 -0.002799 -0.001856 8680.167783 2629.620640 -4438.978956 3.000000
-0.000098 -0.002998 -0.000170 8911.498367 1850.754255 -4088.820467 4.000000
-0.002126 -0.003266 -0.003680 9701.372136 2900.395878 -6407.795334 3.000000
-0.000145 -0.003161 -0.000251 10095.643152 3395.526986 -5555.068636 4.000000
-0.000368 -0.005684 -0.000638 6919.161865 1197.002584 -2443.940525 2.000000
-0.001561 -0.004645 -0.002703 9259.771132 1621.641731 -5063.571605 4.000000
-0.000191 -0.003007 -0.000330 9151.945612 1285.502674 -3872.938904 4.000000
-0.000804 -0.003690 -0.001392 8496.047488 2432.017473 -4474.346622 3.000000
0.000281 -0.006114 0.000487 9371.783808 1776.836405 -3358.392508 3.000000
-0.000250 -0.003063 -0.000431 8963.954697 979.188324 -3997.177055 3.000000
-0.001303 -0.003052 -0.002257 10533.062602 897.494556 -5677.555629 4.000000
-0.001609 -0.002848 -0.002786 9957.426398 2496.016089 -6353.046886 4.000000
-0.002392 -0.003393 -0.004143 9709.801133 3145.891951 -6381.120124 3.000000
-0.002820 -0.002920 -0.004884 11182.828782 843.668060 -7749.890201 4.000000
-0.000188 -0.003259 -0.000324 11010.302012 1187.589591 -4581.576753 3.000000
-0.000128 -0.003408 -0.000221 9288.606227 1403.322638 -3663.161430 4.000000
-0.000860 -0.001940 -0.001488 11101.254845 3002.787597 -7539.690539 4.000000
-0.000265 -0.006592 -0.000458 7100.923860 -55.543808 -2359.028234 2.000000
-0.001266 -0.004885 -0.002190 11712.949328 1849.166118 -6394.255522 4.000000
-0.000229 -0.002778 -0.000397 9228.407808 1127.907138 -3887.617458 4.000000
-0.003612 -0.002835 -0.004827 1585.176098 -1474.291418 -981.352092 3.000000
-0.000217 -0.002915 -0.000375 8857.992911 1562.948426 -4156.347197 3.000000
-0.001845 -0.004352 -0.003195 10869.712594 2189.825899 -7949.586814 4.000000
0.000101 -0.003141 0.000176 9425.657239 1125.082007 -3374.311745 4.000000
-0.002665 -0.002970 0.000084 1728.177903 -3003.238274 -791.986838 3.000000
-0.003292 -0.005646 -0.005699 11779.949087 -117.845290 -6857.278435 4.000000
-0.002118 -0.001876 -0.003667 11255.097499 1207.212492 -7359.294156 4.000000
-0.000343 -0.002663 -0.000594 10545.909777 2334.246107 -5319.221346 4.000000
-0.001492 -0.002560 -0.002583 10536.847451 2309.995082 -6082.213856 3.000000
-0.000177 -0.003325 -0.000305 9271.550207 912.081706 -3631.831977 3.000000
-0.005312 -0.002296 -0.009198 10758.845321 2392.320974 -7763.611191 4.000000
-0.000409 -0.003094 -0.000706 8187.297671 3014.431939 -4639.008719 3.000000
-0.001481 -0.003464 -0.002565 11876.003884 1161.304730 -6649.977821 4.000000
-0.000150 -0.002934 -0.000259 9183.838285 935.871835 -3852.478504 4.000000
-0.001898 -0.003234 -0.002942 2717.530207 842.155423 -1571.228422 4.000000
-0.000197 -0.002809 -0.000340 9083.550328 1788.508221 -3827.990827 4.000000
-0.000136 -0.003102 -0.000234 9254.828765 266.741948 -3567.698229 4.000000
-0.002983 -0.003662 -0.005166 10849.492792 2692.054133 -8366.751258 4.000000
-0.003457 -0.002301 -0.005986 11737.385699 574.136834 -7705.775553 5.000000
-0.002687 -0.001414 -0.004652 10999.634098 4580.079095 -7657.071502 4.000000
-0.000237 -0.003420 -0.000409 9465.156012 975.237103 -3570.567293 4.000000
-0.000135 -0.002996 -0.000231 9055.757095 2280.375052 -3714.128364 3.000000
-0.000567 -0.003028 -0.000982 10515.647350 2551.503603 -5653.299573 4.000000
-0.002083 -0.002011 -0.003606 9317.075806 3590.803059 -6870.856511 3.000000
-0.001575 -0.003702 -0.002726 9510.617444 3181.917208 -6507.329903 4.000000
-0.001212 -0.002572 -0.002098 11196.183433 910.114554 -5308.798752 4.000000
-0.004488 -0.004100 -0.007772 11155.296088 -1524.908624 -7491.632819 4.000000
-0.002308 -0.002580 -0.003997 9885.448394 3081.741583 -6409.817009 3.000000
0.000110 -0.005999 0.000192 6896.367178 1371.995943 -2294.881623 3.000000
-0.001058 -0.001273 -0.001831 11487.761987 4001.256360 -9172.958445 5.000000
-0.000214 -0.002021 -0.000369 10187.841759 2853.625030 -5400.438063 4.000000
-0.001672 -0.002262 -0.002894 9874.230816 1993.071567 -6160.963901 4.000000
-0.001307 -0.002290 -0.002264 12327.267979 2849.242711 -8649.519908 5.000000
-0.000958 -0.001521 -0.001658 12002.647771 2750.396804 -6580.392010 4.000000
-0.002840 -0.003739 -0.004919 10842.808441 -578.227974 -6184.549944 4.000000
-0.001928 -0.002732 -0.003338 11168.957976 2443.816186 -7282.516270 5.000000
-0.000112 -0.002942 -0.000192 9026.552291 1656.340613 -3878.031338 4.000000
-0.002071 -0.002490 -0.003586 10924.399203 1043.185374 -5610.709735 3.000000
-0.000370 -0.003074 -0.000639 9020.621749 1120.508423 -3962.115989 3.000000
-0.000317 -0.002371 -0.000547 8044.735697 2567.672746 -4865.826494 4.000000
-0.000989 -0.001338 -0.001711 10613.305903 3077.057269 -7849.000097 4.000000
-0.002167 -0.002374 -0.003752 10053.684459 3380.983032 -6334.940547 4.000000
-0.002863 -0.002755 -0.004958 11137.994484 -2498.988203 -8391.299965 4.000000
-0.002168 -0.005679 -0.003754 10724.334362 2675.819404 -5974.220334 4.000000
-0.000184 -0.003008 -0.000316 9172.988149 402.887183 -3708.660760 4.000000
-0.000278 -0.002972 -0.000480 8920.571933 1135.047947 -3875.912968 4.000000
-0.006994 -0.002476 -0.004271 2153.293097 -1622.050103 -1439.698126 3.000000
-0.001196 -0.004838 -0.002070 10511.396370 1368.180387 -5628.543833 3.000000
-0.000082 -0.002088 -0.000141 8153.006449 3387.243605 -4720.920045 3.000000
-0.000333 -0.002544 -0.000575 10387.151237 2701.823612 -5473.926486 4.000000
-0.000208 -0.002940 -0.000358 9095.252067 1796.226748 -3701.586141 3.000000
-0.000507 -0.003413 -0.000877 10351.227821 3783.433098 -5676.413693 4.000000
-0.004075 -0.004025 -0.005328 3921.743201 -1494.314317 -1735.356227 3.000000
-0.000836 -0.001550 -0.001448 10352.194669 -54.077809 -5583.225965 4.000000
-0.001097 -0.003010 -0.001898 12263.328106 268.955863 -6719.081920 4.000000
-0.000538 -0.003314 -0.000930 8655.552628 2803.604302 -4469.293406 4.000000
-0.000358 -0.003416 -0.000619 9149.648171 1602.878805 -4031.106870 3.000000
-0.001041 -0.002611 -0.001801 9910.699713 2545.688653 -5745.392483 4.000000
-0.000458 -0.000635 -0.000790 12530.760600 -503.550997 -7643.279304 5.000000
-0.001795 -0.002527 -0.003106 8858.847893 2755.655708 -7174.869058 3.000000
-0.000181 -0.002952 -0.000312 8912.446382 1949.911457 -3987.483575 4.000000
-0.000392 -0.005916 -0.000678 9015.871499 832.054054 -3828.845299 2.000000
-0.003290 -0.003931 -0.005697 10281.276738 1177.220518 -5660.476009 3.000000
0.000115 -0.002993 0.000200 9298.370480 835.618913 -3481.096523 4.000000
-0.004769 -0.002647 -0.007209 -3121.981085 3460.655935 -2851.053754 4.000000
-0.003614 -0.005124 -0.002327 2745.835161 -819.037373 -735.923545 3.000000
-0.001196 -0.003948 -0.002070 8382.499893 2239.000244 -4877.475665 3.000000
-0.005555 -0.003497 -0.009619 11997.677409 489.315831 -7648.283213 4.000000
-0.000132 -0.004201 -0.000228 8503.661744 2236.286391 -4163.275842 4.000000
-0.000298 -0.005951 -0.000515 6996.696753 174.244454 -2458.259985 3.000000
-0.003813 -0.003651 -0.006604 10701.853001 2925.729316 -5646.148248 3.000000
0.000031 -0.003093 0.000055 8088.759786 3489.009773 -4810.283626 5.000000
-0.002318 -0.002539 -0.004015 10153.874719 4112.708708 -6055.341141 3.000000
-0.001204 -0.003238 -0.002086 12272.203241 543.774688 -6598.181445 4.000000
-0.000089 -0.005274 -0.000153 6732.365043 2489.320543 -2444.323259 2.000000
-0.000110 -0.002391 -0.000190 8288.392392 3500.562058 -4384.728279 4.000000
-0.000365 -0.003078 -0.000631 10318.111793 2303.779554 -5400.599206 4.000000
-0.000025 -0.002726 -0.000044 9195.608172 1369.495503 -3891.315223 4.000000
-0.000205 -0.002557 -0.000354 8801.273528 2069.154312 -4149.369890 3.000000
-0.000035 -0.001483 -0.000060 7948.362765 2990.175436 -5179.078586 3.000000
-0.004046 -0.003097 -0.007007 11393.833211 -1783.941682 -8036.203947 4.000000
-0.000201 -0.002204 -0.000346 9971.587962 3170.663142 -5432.084501 4.000000
0.000136 -0.003333 0.000237 9448.667836 1665.459952 -3303.862871 4.000000
-0.003640 -0.004277 -0.006303 12012.396544 386.596532 -7161.592290 4.000000
-0.001937 -0.002701 -0.003354 11595.338232 1964.736542 -6831.067236 4.000000
-0.000222 -0.002371 -0.000383 10169.255723 3680.759280 -5572.092838 3.000000
-0.000240 -0.006134 -0.000414 6893.609911 978.627544 -2413.416720 3.000000
-0.000091 -0.003030 -0.000158 9200.957363 1061.708370 -3640.508346 4.000000
-0.000175 -0.002721 -0.000302 8851.741226 2053.030069 -4004.652769 4.000000
-0.000822 -0.002726 -0.001423 10100.916075 2089.434963 -5947.637279 4.000000
-0.000156 -0.006317 -0.000269 7177.196752 -190.354418 -2244.476341 4.000000
-0.000012 -0.000000 -0.000021 3448.381501 -28.924224 -3819.590797 4.000000
-0.002886 -0.002340 -0.004997 11913.832417 1693.775037 -6808.974758 5.000000
-0.000066 -0.002893 -0.000115 8502.801211 2948.533999 -4412.642768 3.000000
-0.000337 -0.003310 -0.000584 8742.216903 2316.626922 -4253.520638 3.000000
0.000017 -0.002657 0.000030 9081.710905 2313.039732 -3674.028050 3.000000
-0.001694 -0.002447 -0.002934 11806.627772 1115.450846 -6620.982537 4.000000
-0.000207 -0.002184 -0.000356 11634.942625 2595.938646 -6184.635844 4.000000
-0.001126 -0.003100 -0.001950 10735.289665 1554.470642 -5369.127997 4.000000
-0.000298 -0.003001 -0.000515 8303.846913 3012.762087 -4541.073831 4.000000
-0.000035 -0.000001 -0.000059 4575.373981 4.052867 -4519.682974 4.000000
-0.001562 -0.004384 -0.002703 11161.174329 2113.862083 -7107.284381 4.000000
-0.000044 -0.005837 -0.000076 6885.918646 1391.262408 -2369.875740 4.000000
-0.000029 0.000000 -0.000050 4436.330294 20.040696 -4438.396245 3.000000
-0.000680 -0.003649 -0.001178 8171.669462 2930.184208 -4863.145960 4.000000
-0.001026 -0.004730 -0.001776 8538.419733 1950.192846 -4653.133606 4.000000
0.000126 -0.006152 0.000219 7176.206498 287.545739 -2245.474876 2.000000
-0.001677 -0.004578 -0.002905 10011.088443 3142.101252 -6175.907587 3.000000
-0.000178 -0.000882 -0.000308 9610.326705 4443.529609 -6138.798733 5.000000
-0.000133 -0.003251 -0.000230 9359.236483 340.440531 -3796.525211 3.000000
-0.000027 -0.000000 -0.000047 4407.662751 -9.942117 -4396.692126 4.000000
-0.000075 -0.003338 -0.000130 9311.711509 1124.522038 -3743.826501 3.000000
-0.002521 -0.003646 -0.004366 10677.930063 3474.667040 -8221.604799 4.000000
-0.000070 -0.000004 -0.000121 4878.061081 -14.804020 -4680.162585 3.000000
-0.003686 -0.003099 -0.004864 1504.682534 -1473.182328 -1673.166213 3.000000
-0.000164 -0.001716 -0.000282 11633.460417 3016.193845 -6345.716430 4.000000
-0.000193 -0.002265 -0.000334 8329.164030 2877.860033 -4560.205285 4.000000
0.000274 -0.005547 0.000475 8975.790013 2198.138649 -3692.686637 3.000000
-0.000256 -0.003111 -0.000443 9210.108563 910.289611 -3954.929278 4.000000
-0.000285 -0.002813 -0.000492 8887.734275 -153.879929 -3997.898657 4.000000
-0.006573 -0.002631 -0.011384 9458.295714 79.268963 -8002.334783 3.000000
-0.003037 -0.003070 -0.005260 12147.683535 2422.505422 -7311.602758 4.000000
-0.000271 -0.003086 -0.000468 9109.927273 581.802300 -3859.641225 4.000000
-0.000029 -0.000000 -0.000049 4419.672678 10.654662 -4410.700644 3.000000
-0.001051 -0.002202 -0.001819 8283.278247 2849.442596 -4759.676790 3.000000
-0.000024 -0.000000 -0.000040 4246.842270 -3.876519 -4327.347216 5.000000
-0.001806 -0.002598 -0.003126 13207.635256 1048.773472 -7488.786383 5.000000
-0.000222 -0.003306 -0.000384 9374.841924 821.913586 -3840.089086 4.000000
-0.000327 -0.002507 -0.000566 8497.084505 2642.800360 -4502.123625 3.000000
-0.000338 -0.002039 -0.000584 10776.164037 1200.138074 -5107.276203 4.000000
-0.000162 -0.002303 -0.000280 10667.633322 2008.705240 -5175.180803 4.000000
-0.000757 -0.002840 -0.001310 11729.543413 3075.352281 -6495.867266 4.000000
-0.000197 -0.002705 -0.000341 10731.603841 1954.982694 -5025.766039 4.000000
-0.000272 -0.002700 -0.000469 8803.227239 2248.298138 -3966.510608 5.000000
-0.000408 -0.002676 -0.000706 8949.217838 -382.484279 -4251.618885 4.000000
-0.004338 -0.002558 -0.006644 505.850778 -2436.788162 -2384.045625 4.000000
-0.005463 -0.002518 -0.007390 -930.219137 -2541.677545 -2457.125424 3.000000
-0.000167 -0.003089 -0.000288 9283.265652 707.413096 -3779.295859 3.000000
-0.000214 -0.003357 -0.000369 8535.861004 3265.859948 -4187.480889 4.000000
-0.000658 -0.002156 -0.001136 10779.969047 4707.149509 -7388.006588 4.000000
-0.000266 -0.003124 -0.000460 9332.874963 973.353936 -3675.784671 2.000000
-0.000047 -0.005840 -0.000081 8796.765442 2796.929754 -4005.606601 3.000000
-0.001405 -0.004605 -0.002431 11707.261079 3293.314823 -8929.775537 5.000000
-0.000207 -0.002033 -0.000358 10800.136692 1934.755858 -4904.008623 3.000000
-0.000054 -0.005658 -0.000093 8891.894888 2214.322349 -3906.129972 4.000000
-0.000100 -0.002913 -0.000172 9229.373482 482.185681 -3706.882212 2.000000
-0.000223 -0.002219 -0.000384 10726.267046 850.114842 -4925.580760 4.000000
0.000129 -0.003112 0.000226 9188.382287 889.845355 -3526.507275 4.000000
-0.000312 -0.002685 -0.000539 10165.380371 3269.530314 -5551.118959 3.000000
-0.002728 -0.004242 -0.004722 10017.492146 1787.808884 -6159.141962 4.000000
-0.000035 -0.004407 -0.000059 8528.118123 3044.645478 -4309.457150 3.000000
-0.004752 -0.003135 -0.008228 10389.348267 182.406957 -6357.734462 4.000000
-0.000334 -0.003129 -0.000578 8695.016856 2162.956286 -4196.319140 4.000000
-0.000036 -0.000001 -0.000062 4636.767270 -2.086822 -4563.255482 5.000000
-0.003902 -0.005306 -0.006758 11890.881571 -1594.952472 -7665.281454 4.000000
-0.000258 -0.004004 -0.000445 9812.370948 3307.343222 -5922.173906 3.000000
-0.000125 -0.002663 -0.000216 10601.842311 2950.730691 -5031.652069 3.000000
-0.000420 -0.002088 -0.000727 9977.536366 2915.735143 -5959.010515 3.000000
-0.002135 -0.005044 -0.003697 11649.580812 2610.265791 -7468.586808 4.000000
-0.000305 -0.002201 -0.000529 8665.866419 2571.227900 -4398.590551 4.000000
-0.000213 -0.002598 -0.000369 8630.050987 2455.770184 -4303.744466 3.000000
-0.001736 -0.005534 -0.003007 8806.949704 2413.756428 -4667.967049 2.000000
-0.002397 -0.002665 -0.004151 12487.279220 737.146943 -6900.245246 5.000000
-0.000729 -0.002158 -0.001261 8326.855054 3358.305306 -4757.561362 3.000000
-0.004440 -0.002684 -0.005711 -1943.435941 537.525157 -2205.352417 4.000000
-0.001629 -0.004857 -0.002820 11857.982485 2018.845445 -6293.430762 4.000000
-0.001426 -0.002503 -0.002469 12102.370371 1894.040973 -6961.186692 4.000000
-0.008099 -0.002066 -0.007722 114.229945 -2732.131288 -2070.337644 3.000000
-0.000042 -0.002731 -0.000072 8694.466342 2991.977589 -3974.864279 2.000000
-0.000169 -0.003211 -0.000293 9397.794018 231.072450 -3712.201800 3.000000
-0.000295 -0.003647 -0.000509 10456.411749 2694.642056 -5208.432176 4.000000
-0.000158 -0.001913 -0.000272 10324.155538 2599.457089 -5279.087123 4.000000
-0.000012 -0.000000 -0.000020 3285.788795 -4.912459 -3754.002491 3.000000
-0.000346 -0.002575 -0.000598 9851.539288 2742.135531 -6020.320375 4.000000
-0.000212 -0.002977 -0.000366 10770.866355 1376.283742 -4950.307024 5.000000
-0.000351 -0.006135 -0.000607 7084.198260 122.094103 -2464.946362 2.000000
-0.001585 -0.001635 -0.002743 9925.112472 2167.447891 -6100.550324 4.000000
-0.000295 -0.005512 -0.000509 9012.633754 2051.646305 -3867.327112 4.000000
-0.001234 -0.002908 -0.002137 10664.842598 1524.109308 -5381.475997 3.000000
-0.005694 -0.002272 -0.009863 10950.629358 1480.679888 -8661.339536 4.000000
-0.001064 -0.002157 -0.001842 9189.494297 3221.074649 -6968.268452 3.000000
-0.000279 -0.006108 -0.000483 7035.109395 82.469078 -2487.151992 3.000000
0.000010 -0.005593 0.000019 8762.002483 2505.565617 -4022.327571 3.000000
-0.000196 -0.002099 -0.000338 8152.298113 3259.437656 -4606.539815 4.000000
-0.001590 -0.002540 -0.002751 11277.996034 1734.853745 -7264.306969 4.000000
-0.000017 -0.000000 -0.000028 3773.190183 -10.757438 -4037.101338 4.000000
-0.001663 -0.002381 -0.001999 1355.692289 -783.003440 -1354.103449 3.000000
0.000077 -0.002581 0.000134 8709.386574 2755.864230 -3933.689015 4.000000
0.000049 -0.002983 0.000087 9256.210005 1010.459648 -3453.328738 4.000000
-0.002034 -0.004159 -0.003523 10328.807489 1247.579954 -6045.915195 4.000000
-0.001092 -0.003039 -0.001890 9896.971150 5235.327572 -9062.722722 4.000000
-0.001028 -0.002621 -0.001779 10442.164944 2088.455324 -5375.782767 4.000000
-0.000027 -0.003102 -0.000046 9215.804542 1925.785685 -3596.553856 4.000000
-0.001474 -0.003273 -0.002553 9976.146551 2796.193410 -6155.769225 3.000000
-0.006555 -0.003189 -0.003874 1795.781185 3556.269351 -1399.784284 3.000000
-0.000436 -0.002827 -0.000754 7617.276781 2851.285170 -5627.626662 3.000000
-0.000604 -0.002308 -0.001044 8586.640882 -876.806856 -4462.726117 4.000000
-0.000438 -0.001370 -0.000758 9430.898978 3664.224216 -6272.701378 4.000000
-0.000948 -0.001625 -0.001639 10118.753482 -507.055060 -5655.218225 3.000000
-0.000681 -0.002367 -0.001179 9907.710367 3203.765778 -5946.197446 3.000000
-0.001594 -0.002216 -0.002760 7981.979054 2624.310656 -5200.855969 3.000000
-0.000424 -0.004749 -0.000734 8593.286471 2810.082215 -4333.598148 3.000000
-0.000088 -0.003128 -0.000153 9080.734498 2048.834823 -3874.090141 4.000000
-0.001393 -0.004050 -0.002412 10689.327599 1130.399125 -5778.692992 3.000000
-0.001787 -0.001960 -0.003093 11407.822285 3937.837543 -6689.081802 4.000000
-0.000224 -0.003558 -0.000387 9020.381375 2371.682314 -3947.926714 5.000000
-0.000342 -0.002257 -0.000592 10198.647050 3127.621649 -5579.247791 4.000000
-0.002173 -0.001603 -0.001940 -446.539926 4198.271459 -1259.205385 4.000000
