-0.000485 -0.003842 -0.000822 6579.908012 2456.953428 -3366.650575 4.000000
-0.000013 -0.000000 -0.000015 2016.592751 -10.300724 -3047.992232 3.000000
-0.000306 -0.000737 -0.000516 7951.190305 3544.422370 -6250.326708 4.000000
-0.003990 -0.004345 -0.006903 7577.270306 -2425.760319 -6493.608483 4.000000
-0.002759 -0.002885 -0.004760 7960.812466 924.079772 -4778.583698 4.000000
-0.003749 -0.002658 -0.006489 8927.965465 -237.173484 -5240.976737 4.000000
-0.000081 -0.003038 -0.000128 7789.553304 686.689047 -2786.127295 4.000000
-0.001468 -0.002909 -0.002542 9913.858676 2632.508252 -6752.243952 4.000000
-0.001282 -0.004198 -0.002208 8543.522288 2173.711036 -4098.487473 5.000000
-0.000083 -0.002825 -0.000142 9546.945022 2268.592869 -4089.818583 4.000000
-0.000169 -0.001838 -0.000276 7602.385377 3023.978262 -4028.409516 4.000000
-0.000290 -0.003451 -0.000493 7869.106207 1650.392208 -3172.098322 4.000000
-0.000059 -0.006010 -0.000094 6237.328719 406.489447 -1786.278415 4.000000
-0.003115 -0.003029 -0.005383 8359.275388 -381.414642 -5005.751737 4.000000
0.000064 -0.002587 0.000116 7760.110438 2472.164090 -3130.270970 4.000000
-0.001399 -0.003281 -0.002405 7887.837905 3634.701209 -5809.984949 4.000000
-0.002662 -0.003481 -0.004606 11291.399020 -315.038155 -6490.796839 5.000000
-0.000247 -0.003646 -0.000425 8152.828383 2458.981240 -3485.919487 4.000000
-0.002969 -0.002764 -0.005128 7232.668555 1743.207971 -7687.279820 4.000000
-0.000042 -0.000001 -0.000063 3701.204273 -26.173859 -4001.299978 3.000000
-0.001373 -0.003299 -0.002360 9167.224838 2949.631102 -4951.058527 4.000000
-0.000311 -0.002728 -0.000532 7918.039077 -75.779350 -3389.442375 4.000000
-0.001119 -0.002793 -0.001929 9448.447254 2804.581732 -5231.825030 4.000000
-0.001261 -0.002282 -0.002170 7420.896999 2119.926637 -5168.168709 5.000000
-0.000471 -0.002755 -0.000802 6904.701414 2644.947919 -3531.315035 4.000000
-0.000106 -0.004047 -0.000178 5478.347262 3000.061663 -2625.949131 4.000000
-0.000866 -0.001196 -0.001484 6740.274371 3753.567393 -5530.197396 5.000000
-0.000330 -0.002446 -0.000559 7000.687526 2796.610364 -3261.063278 4.000000
-0.000509 -0.002590 -0.000869 6911.018705 2716.151359 -3647.701528 5.000000
-0.000245 -0.004184 -0.000406 6830.992835 3083.730776 -5095.142320 4.000000
-0.000150 -0.002921 -0.000248 7448.708790 1738.642884 -3113.603698 4.000000
-0.000688 -0.003402 -0.001177 6966.489798 1007.645359 -3247.405662 4.000000
-0.002194 -0.002750 -0.003799 9609.396168 -384.739989 -6617.181240 4.000000
-0.001569 -0.002212 -0.002695 8236.403830 1228.233567 -5009.264145 5.000000
0.000032 -0.002694 0.000061 7875.870774 1624.015511 -3236.205393 4.000000
-0.004523 -0.002971 -0.007816 8133.135255 533.041992 -4305.244177 3.000000
-0.000078 -0.002897 -0.000125 9059.983135 1612.227143 -3785.103593 5.000000
-0.001652 -0.004238 -0.002845 6826.506594 3037.108179 -5660.664693 4.000000
-0.001446 -0.002130 -0.002484 8464.745313 857.005660 -5198.893507 4.000000
-0.000336 -0.002584 -0.000567 7093.449509 2591.332684 -3065.087094 5.000000
-0.002115 -0.005573 -0.003655 8897.202644 275.801495 -4886.872069 4.000000
-0.000288 -0.003371 -0.000484 7404.821319 1357.996103 -2749.461253 3.000000
-0.001209 -0.002059 -0.002075 7918.274227 3094.868202 -4190.712728 4.000000
-0.002808 -0.002152 -0.004864 9357.891546 2476.272435 -7448.590761 4.000000
-0.000541 -0.002844 -0.000932 7307.569386 2107.567683 -3929.291381 4.000000
-0.002774 -0.004166 -0.004793 8549.754866 -318.417220 -4975.790318 4.000000
-0.003204 -0.001926 -0.005540 7821.104022 1836.858574 -6062.318278 5.000000
-0.000217 -0.001729 -0.000370 8788.359497 2192.064108 -4578.450222 5.000000
-0.002160 -0.002439 -0.003731 8472.912022 502.816094 -4843.350142 4.000000
-0.000458 -0.003024 -0.000792 7908.076247 2720.306268 -3986.192273 5.000000
-0.001415 -0.003097 -0.002443 8458.035361 3457.229801 -4841.777963 4.000000
-0.000025 -0.000000 -0.000036 3346.289358 8.513621 -3802.215372 4.000000
-0.001021 -0.002139 -0.001763 7136.451346 -399.940957 -4234.546214 3.000000
-0.001443 -0.002660 -0.002476 8241.934968 1279.289602 -4835.963317 5.000000
-0.003231 -0.001833 -0.005587 8392.899591 2316.774152 -4661.463031 4.000000
-0.000481 -0.002752 -0.000814 7845.054215 743.286602 -4065.207699 5.000000
-0.000108 -0.002960 -0.000179 8018.252105 1185.855524 -2933.482076 4.000000
-0.000315 -0.002533 -0.000538 8655.394007 2360.330436 -4498.559653 4.000000
-0.001761 -0.003300 -0.003042 9679.155542 1724.742251 -5616.814644 4.000000
-0.002100 -0.004320 -0.003621 7760.267500 1480.019970 -4946.489071 4.000000
-0.001852 -0.002709 -0.003196 7139.064835 1993.386159 -3659.583722 4.000000
-0.000262 -0.002579 -0.000439 8083.679807 2285.483280 -3973.763413 3.000000
-0.001886 -0.002503 -0.003255 8115.653062 1775.202863 -5136.222235 4.000000
-0.001652 -0.003074 -0.002848 7636.313824 3039.410032 -5156.128401 4.000000
0.000041 -0.001799 0.000078 8364.421003 3697.100464 -4680.687365 4.000000
-0.001690 -0.004669 -0.002926 9202.283806 1409.098235 -4994.492505 4.000000
-0.001168 -0.001639 -0.002019 9835.275802 2582.318118 -6116.645398 4.000000
-0.002221 -0.004877 -0.003835 7435.842901 747.340631 -3948.146344 4.000000
-0.003236 -0.001906 -0.005584 8150.439221 -140.246815 -5367.321571 4.000000
-0.000097 -0.005572 -0.000154 7401.862958 1197.215221 -2682.755749 4.000000
-0.000218 -0.002601 -0.000364 6774.016467 2356.389692 -3447.964292 4.000000
-0.000929 -0.002100 -0.001602 8161.328354 3164.509069 -5172.056996 3.000000
-0.002459 -0.003762 -0.004242 8061.527796 1860.871552 -6189.274315 5.000000
-0.002068 -0.002003 -0.003577 9116.253955 2075.952136 -4939.653586 4.000000
-0.000261 -0.002685 -0.000444 6977.219838 2501.380455 -3866.271631 4.000000
-0.001457 -0.002233 -0.002508 6961.414457 3240.405314 -5108.671456 3.000000
-0.003632 -0.004714 -0.006268 7582.674355 -1218.212580 -5086.088230 4.000000
-0.001868 -0.001849 -0.003219 8649.963411 -420.505696 -5431.779026 4.000000
0.000149 -0.006158 0.000263 6651.645482 515.014787 -1842.076903 4.000000
-0.001367 -0.003174 -0.002356 7788.302776 1744.768737 -4975.889425 5.000000
-0.000230 -0.002812 -0.000392 7903.710440 1478.253710 -3355.932263 4.000000
0.000183 -0.005448 0.000332 7256.976390 2277.081373 -2565.821840 4.000000
-0.003929 -0.001364 -0.006801 8536.738712 724.539472 -5725.971266 4.000000
-0.001567 -0.002703 -0.002696 7690.558183 1500.940656 -4884.112879 3.000000
-0.000034 -0.000001 -0.000054 3873.682260 -22.311782 -4130.658209 5.000000
-0.001281 -0.002603 -0.002195 7989.188146 2198.806713 -4882.206365 4.000000
-0.003542 -0.003033 -0.006112 8509.338744 2161.487448 -5098.762586 4.000000
-0.003725 -0.002210 -0.006441 8424.864091 -336.602457 -4916.091291 3.000000
-0.000628 -0.002812 -0.001084 7854.658292 1171.373815 -3619.361285 3.000000
-0.001238 -0.002559 -0.002127 7660.408597 3547.923621 -6120.332436 4.000000
-0.000367 -0.005718 -0.000624 6024.815891 586.251837 -1941.399809 4.000000
-0.000006 -0.002866 0.000002 7567.322316 2564.990542 -2777.042886 4.000000
-0.000809 -0.002253 -0.001378 7764.127986 2148.414276 -5094.433248 5.000000
-0.000361 -0.003323 -0.000619 7580.085390 2038.399352 -3726.597863 4.000000
-0.002397 -0.002487 -0.004145 9133.814233 694.113262 -7070.227891 4.000000
-0.000215 -0.002550 -0.000359 7247.348360 2579.029450 -3142.271119 4.000000
-0.001345 -0.002977 -0.002321 7293.410627 2532.779597 -3823.911377 4.000000
-0.001062 -0.002390 -0.001832 6416.103330 3387.111305 -4698.434676 3.000000
-0.002818 -0.002635 -0.004862 6419.353120 2993.057857 -5704.920541 4.000000
-0.000283 -0.002422 -0.000483 7320.214143 2572.553053 -3650.944353 4.000000
