4.080379198499999721e-04 0.000000000000000000e+00
5.664214957499999741e-04 2.020202020202020443e-01
5.014787579999999785e-04 4.040404040404040886e-01
4.388456605499999963e-04 6.060606060606060774e-01
3.585144518999999947e-04 8.080808080808081773e-01
2.750625998999999726e-04 1.010101010101010166e+00
2.238924302999999812e-04 1.212121212121212155e+00
2.162517191999999968e-04 1.414141414141414144e+00
2.140550923499999849e-04 1.616161616161616355e+00
2.043747980999999930e-04 1.818181818181818343e+00
2.010698513999999897e-04 2.020202020202020332e+00
1.931616472499999779e-04 2.222222222222222321e+00
1.881748043999999969e-04 2.424242424242424310e+00
1.841504345999999803e-04 2.626262626262626299e+00
1.800984685499999966e-04 2.828282828282828287e+00
1.765702372499999991e-04 3.030303030303030276e+00
1.701413405999999823e-04 3.232323232323232709e+00
1.654396226999999887e-04 3.434343434343434254e+00
1.607728319999999806e-04 3.636363636363636687e+00
1.588137209999999910e-04 3.838383838383838231e+00
1.542908317499999985e-04 4.040404040404040664e+00
1.526517035999999986e-04 4.242424242424242209e+00
1.481015547000000005e-04 4.444444444444444642e+00
1.440710270999999887e-04 4.646464646464646187e+00
1.374730285500000003e-04 4.848484848484848619e+00
1.342009646999999873e-04 5.050505050505051052e+00
1.279969515000000052e-04 5.252525252525252597e+00
1.266501752999999819e-04 5.454545454545454142e+00
1.267410770999999802e-04 5.656565656565656575e+00
1.267890574499999797e-04 5.858585858585858119e+00
1.253399845499999859e-04 6.060606060606060552e+00
1.200651556499999925e-04 6.262626262626262985e+00
1.136561876999999900e-04 6.464646464646465418e+00
1.137030295499999986e-04 6.666666666666666075e+00
1.134709735499999983e-04 6.868686868686868507e+00
1.094691460499999934e-04 7.070707070707070940e+00
1.080785227499999891e-04 7.272727272727273373e+00
1.062911470499999870e-04 7.474747474747474918e+00
1.045362037499999888e-04 7.676767676767676463e+00
1.018057243499999895e-04 7.878787878787878896e+00
9.967022009999999279e-05 8.080808080808081328e+00
9.772629074999999608e-05 8.282828282828283761e+00
9.661002614999999679e-05 8.484848484848484418e+00
9.445850864999999084e-05 8.686868686868686851e+00
9.332024624999999958e-05 8.888888888888889284e+00
9.151924319999999021e-05 9.090909090909089940e+00
9.134258759999999591e-05 9.292929292929292373e+00
9.049923629999999570e-05 9.494949494949494806e+00
8.755937684999999689e-05 9.696969696969697239e+00
8.542972349999999383e-05 9.898989898989899672e+00
8.469359414999998918e-05 1.010101010101010210e+01
8.346206879999999359e-05 1.030303030303030276e+01
8.191705994999999682e-05 1.050505050505050519e+01
8.047712474999999834e-05 1.070707070707070763e+01
7.816491044999999721e-05 1.090909090909090828e+01
7.958267459999999126e-05 1.111111111111111072e+01
7.830557459999998955e-05 1.131313131313131315e+01
7.742681099999999881e-05 1.151515151515151558e+01
7.615790819999999645e-05 1.171717171717171624e+01
7.474074299999999165e-05 1.191919191919191867e+01
7.247256389999999786e-05 1.212121212121212110e+01
6.966377549999999154e-05 1.232323232323232176e+01
6.955886519999999649e-05 1.252525252525252597e+01
6.905422754999999458e-05 1.272727272727272663e+01
6.687874214999998935e-05 1.292929292929293084e+01
6.691325354999999369e-05 1.313131313131313149e+01
6.630604694999999783e-05 1.333333333333333215e+01
6.416271179999999093e-05 1.353535353535353636e+01
6.336919709999999976e-05 1.373737373737373701e+01
6.341029199999998964e-05 1.393939393939394122e+01
6.254676450000000183e-05 1.414141414141414188e+01
6.305767379999999665e-05 1.434343434343434254e+01
6.355456964999999013e-05 1.454545454545454675e+01
6.289844219999999881e-05 1.474747474747474740e+01
6.094500884999999726e-05 1.494949494949494984e+01
5.948226404999999527e-05 1.515151515151515227e+01
5.767656839999999482e-05 1.535353535353535293e+01
5.703355844999999618e-05 1.555555555555555536e+01
5.751091664999999435e-05 1.575757575757575779e+01
5.627889134999999339e-05 1.595959595959596022e+01
5.545864664999999578e-05 1.616161616161616266e+01
5.533056044999999450e-05 1.636363636363636331e+01
5.448926834999999659e-05 1.656565656565656752e+01
5.407617599999999669e-05 1.676767676767676818e+01
5.340404024999999397e-05 1.696969696969696884e+01
5.281351019999999560e-05 1.717171717171716949e+01
5.188784039999999728e-05 1.737373737373737370e+01
5.097893130000000038e-05 1.757575757575757436e+01
4.985689994999999782e-05 1.777777777777777857e+01
4.887720584999999580e-05 1.797979797979797922e+01
4.666537754999999972e-05 1.818181818181817988e+01
4.528950029999999539e-05 1.838383838383838409e+01
4.384791180000000038e-05 1.858585858585858475e+01
4.283321624999999788e-05 1.878787878787878896e+01
4.072831784999999611e-05 1.898989898989898961e+01
3.886994924999999834e-05 1.919191919191919027e+01
3.462631919999999933e-05 1.939393939393939448e+01
3.091669514999999529e-05 1.959595959595959513e+01
2.471864669999999784e-05 1.979797979797979934e+01
0.000000000000000000e+00 2.000000000000000000e+01
