1.010101010101010222e-01 4.081896422999999616e-04
3.030303030303030942e-01 5.593946935499999329e-04
5.050505050505050830e-01 4.835620349999999578e-04
7.070707070707070718e-01 4.208177506499999831e-04
9.090909090909091717e-01 3.538876274999999813e-04
1.111111111111111160e+00 2.784338765999999675e-04
1.313131313131313149e+00 2.268881752499999911e-04
1.515151515151515138e+00 2.147845688999999801e-04
1.717171717171717349e+00 2.112280235999999833e-04
1.919191919191919338e+00 2.047386082499999993e-04
2.121212121212121549e+00 2.021312254499999840e-04
2.323232323232323537e+00 1.962786572999999988e-04
2.525252525252525526e+00 1.860831670499999996e-04
2.727272727272727515e+00 1.866774442499999885e-04
2.929292929292929504e+00 1.848899150999999924e-04
3.131313131313131493e+00 1.779115040999999949e-04
3.333333333333333925e+00 1.729883033999999795e-04
3.535353535353535470e+00 1.692879259499999775e-04
3.737373737373737903e+00 1.636134736499999793e-04
3.939393939393939448e+00 1.573333443000000020e-04
4.141414141414141881e+00 1.538835506999999825e-04
4.343434343434343425e+00 1.466092979999999936e-04
4.545454545454545858e+00 1.434223444499999999e-04
4.747474747474747403e+00 1.406362616999999951e-04
4.949494949494949836e+00 1.382289331499999847e-04
5.151515151515152269e+00 1.341823328999999895e-04
5.353535353535353813e+00 1.321936308000000026e-04
5.555555555555555358e+00 1.297413512999999984e-04
5.757575757575757791e+00 1.253057899500000058e-04
5.959595959595959336e+00 1.241152010999999880e-04
6.161616161616161769e+00 1.230129994499999820e-04
6.363636363636364202e+00 1.174417100999999896e-04
6.565656565656566634e+00 1.141725716999999937e-04
6.767676767676767291e+00 1.136100932999999872e-04
6.969696969696969724e+00 1.084319576999999982e-04
7.171717171717172157e+00 1.061274357000000000e-04
7.373737373737374590e+00 1.062211144499999990e-04
7.575757575757576134e+00 1.037296111499999877e-04
7.777777777777777679e+00 1.015640257499999974e-04
7.979797979797980112e+00 9.894289184999999491e-05
8.181818181818181657e+00 9.672183179999999710e-05
8.383838383838384090e+00 9.543392594999998966e-05
8.585858585858584746e+00 9.384890129999999271e-05
8.787878787878787179e+00 9.218919104999999262e-05
8.989898989898989612e+00 9.156916890000000100e-05
9.191919191919190268e+00 8.905585094999999229e-05
9.393939393939392701e+00 8.849055104999999782e-05
9.595959595959595134e+00 8.757514754999999682e-05
9.797979797979797567e+00 8.624426579999999395e-05
1.000000000000000000e+01 8.338222529999999243e-05
1.020202020202020243e+01 8.180057654999999895e-05
1.040404040404040309e+01 8.249627429999999519e-05
1.060606060606060552e+01 8.069654339999999290e-05
1.080808080808080796e+01 7.850758904999999256e-05
1.101010101010100861e+01 7.718091975000000065e-05
1.121212121212121104e+01 7.700989725000000020e-05
1.141414141414141348e+01 7.593995474999999922e-05
1.161616161616161591e+01 7.628741504999999418e-05
1.181818181818181657e+01 7.560690389999999536e-05
1.202020202020201900e+01 7.377137954999999953e-05
1.222222222222222143e+01 7.350701490000000223e-05
1.242424242424242209e+01 7.229813085000000230e-05
1.262626262626262630e+01 6.897880934999999956e-05
1.282828282828282696e+01 6.753081554999999542e-05
1.303030303030303116e+01 6.767784540000000061e-05
1.323232323232323182e+01 6.804863504999999579e-05
1.343434343434343248e+01 6.727329179999999326e-05
1.363636363636363669e+01 6.640446780000000017e-05
1.383838383838383734e+01 6.565985414999999954e-05
1.404040404040404155e+01 6.285277349999999986e-05
1.424242424242424221e+01 6.330629744999999461e-05
1.444444444444444287e+01 6.198553844999999752e-05
1.464646464646464707e+01 6.034244534999999376e-05
1.484848484848484773e+01 6.035791409999999676e-05
1.505050505050505016e+01 5.934607964999999885e-05
1.525252525252525260e+01 5.856083639999999494e-05
1.545454545454545325e+01 5.883016589999999322e-05
1.565656565656565569e+01 5.984932634999999811e-05
1.585858585858585812e+01 5.832922094999999879e-05
1.606060606060606233e+01 5.686751069999999918e-05
1.626262626262626299e+01 5.698231604999999777e-05
1.646464646464646364e+01 5.688714734999999871e-05
1.666666666666666785e+01 5.587387244999999944e-05
1.686868686868686851e+01 5.462847719999999404e-05
1.707070707070706916e+01 5.371010864999999995e-05
1.727272727272726982e+01 5.197877189999999619e-05
1.747474747474747403e+01 5.072986709999999824e-05
1.767676767676767469e+01 4.972238369999999822e-05
1.787878787878787890e+01 4.805616914999999835e-05
1.808080808080807955e+01 4.757534099999999712e-05
1.828282828282828021e+01 4.695190829999999684e-05
1.848484848484848442e+01 4.635651734999999955e-05
1.868686868686868507e+01 4.446088514999999952e-05
1.888888888888888928e+01 4.377031560000000071e-05
1.909090909090908994e+01 4.090996799999999876e-05
1.929292929292929060e+01 3.803590889999999917e-05
1.949494949494949481e+01 3.456986939999999740e-05
1.969696969696969546e+01 3.100445864999999484e-05
1.989898989898989967e+01 2.432800259999999995e-05
2.010101010101010033e+01 0.000000000000000000e+00
